     0     362    -487
     1     381    -452
     2     398    -454
     3     432    -421
     4     455    -388
     5     476    -385
     6     497    -350
     7     513    -320
     8     529    -304
     9     553    -268
    10     559    -234
    11     568    -215
    12     589    -179
    13     584    -151
    14     588    -114
    15     603     -78
    16     601     -50
    17     598     -13
    18     609       9
    19     592      52
    20     589      85
    21     593     112
    22     558     152
    23     570     184
    24     555     218
    25     534     249
    26     535     278
    27     501     309
    28     498     342
    29     465     360
    30     453     390
    31     444     421
    32     396     432
    33     396     465
    34     365     491
    35     331     502
    36     324     526
    37     286     538
    38     255     551
    39     222     561
    40     190     584
    41     166     589
    42     130     589
    43      98     613
    44      65     593
    45      38     601
    46       4     604
    47     -41     595
    48     -63     602
    49    -102     579
    50    -136     586
    51    -164     575
    52    -206     561
    53    -233     551
    54    -264     526
    55    -296     514
    56    -328     501
    57    -353     484
    58    -384     459
    59    -414     443
    60    -426     421
    61    -456     401
    62    -481     378
    63    -500     346
    64    -518     325
    65    -529     299
    66    -546     269
    67    -560     246
    68    -575     208
    69    -579     175
    70    -584     151
    71    -604     112
    72    -600      80
    73    -595      52
    74    -606      14
    75    -597     -18
    76    -592     -40
    77    -596     -93
    78    -578    -125
    79    -579    -144
    80    -575    -190
    81    -543    -216
    82    -543    -252
    83    -527    -283
    84    -501    -321
    85    -492    -343
    86    -469    -366
    87    -456    -408
    88    -430    -412
    89    -409    -449
    90    -384    -468
    91    -353    -483
    92    -341    -517
    93    -300    -521
    94    -277    -542
    95    -261    -553
    96    -214    -567
    97    -187    -583
    98    -160    -583
    99    -123    -601
   100     -95    -595
   101     -66    -604
   102     -28    -614
   103      -3    -590
   104      37    -611
   105      76    -591
   106      93    -572
   107     145    -591
   108     169    -559
   109     198    -553
   110     244    -558
   111     258    -530
   112     305    -521
   113     326    -500
   114     354    -478
   115     390    -465
   116     388    -447
   117     438    -425
   118     461    -397
   119     464    -373
   120     507    -349
   121     509    -320
   122     533    -293
   123     565    -271
   124     553    -233
   125     568    -206
   126     583    -180
   127     581    -130
   128     595    -108
   129     597     -75
   130     588     -41
   131     601     -20
   132     602      26
   133     591      62
   134     593      88
   135     581     123
   136     573     164
   137     567     189
   138     556     219
   139     533     257
   140     520     278
   141     512     319
   142     484     344
   143     472     365
   144     445     400
   145     430     417
   146     409     448
   147     380     474
   148     358     493
   149     322     515
   150     317     529
   151     276     542
   152     239     559
   153     222     570
   154     177     578
   155     159     592
   156     124     595
   157      85     606
   158      63     602
   159      26     596
   160      -9     606
   161     -40     592
   162     -77     594
   163    -112     589
   164    -144     574
   165    -177     579
   166    -207     553
   167    -245     543
   168    -274     532
   169    -304     509
   170    -339     497
   171    -360     472
   172    -392     465
   173    -415     432
   174    -433     412
   175    -465     398
   176    -484     359
   177    -505     347
   178    -521     311
   179    -535     287
   180    -555     261
   181    -565     222
   182    -583     201
   183    -584     160
   184    -588     134
   185    -598     101
   186    -598      74
   187    -602      45
   188    -601      -2
   189    -601     -21
   190    -600     -55
   191    -592     -98
   192    -573    -130
   193    -580    -161
   194    -569    -197
   195    -547    -225
   196    -539    -259
   197    -516    -293
   198    -504    -312
   199    -483    -357
   200    -470    -377
   201    -445    -402
   202    -420    -437
   203    -408    -453
   204    -380    -478
   205    -358    -491
   206    -319    -516
   207    -295    -532
   208    -273    -549
   209    -237    -566
   210    -213    -571
   211    -174    -586
   212    -144    -591
   213    -121    -588
   214     -87    -600
   215     -51    -604
   216     -15    -596
   217       8    -604
   218      45    -596
   219      80    -590
   220     104    -585
   221     150    -568
   222     179    -569
   223     208    -556
   224     249    -541
   225     275    -527
   226     304    -510
   227     339    -492
   228     372    -479
   229     382    -458
   230     420    -438
   231     446    -415
   232     457    -382
   233     494    -368
   234     494    -338
   235     523    -305
   236     544    -290
   237     544    -255
   238     573    -224
   239     577    -197
   240     588    -158
   241     589    -129
   242     594    -105
   243     602     -67
   244     589     -27
   245     608      -1
   246     601      31
   247     589      73
   248     594     101
   249     580     133
   250     572     173
   251     560     198
   252     552     233
   253     529     270
   254     517     294
   255     504     326
   256     470     353
   257     465     376
   258     443     408
   259     416     430
   260     400     455
   261     372     479
   262     351     494
   263     326     519
   264     297     531
   265     265     541
   266     232     560
   267     210     575
   268     175     582
   269     139     590
   270     119     603
   271      78     600
   272      51     598
   273      20     604
   274     -26     602
   275     -39     598
   276     -90     586
   277    -119     586
   278    -147     578
   279    -197     562
   280    -214     563
   281    -254     533
   282    -278     523
   283    -314     516
   284    -343     478
   285    -363     480
   286    -402     453
   287    -411     425
   288    -441     418
   289    -470     373
   290    -485     364
   291    -505     342
   292    -529     299
   293    -543     285
   294    -551     251
   295    -570     224
   296    -575     195
   297    -588     153
   298    -594     128
   299    -592      95
   300    -597      69
   301    -604      39
   302    -605      -5
   303    -598     -28
   304    -599     -69
   305    -587    -107
   306    -579    -130
   307    -578    -162
   308    -564    -199
   309    -543    -238
   310    -536    -265
   311    -518    -298
   312    -499    -323
   313    -486    -363
   314    -456    -385
   315    -445    -404
   316    -425    -447
   317    -396    -454
   318    -374    -475
   319    -349    -500
   320    -320    -519
   321    -290    -531
   322    -268    -551
   323    -227    -572
   324    -200    -569
   325    -184    -594
   326    -136    -590
   327    -116    -596
   328     -90    -610
   329     -35    -595
   330     -22    -596
   331      17    -605
   332      62    -601
   333      79    -581
   334     126    -595
   335     151    -575
   336     175    -561
   337     222    -562
   338     249    -531
   339     286    -530
   340     312    -508
   341     340    -490
   342     375    -473
   343     387    -453
   344     427    -439
   345     443    -395
   346     462    -387
   347     502    -367
   348     499    -328
   349     523    -313
   350     538    -281
   351     549    -247
   352     571    -220
   353     582    -196
   354     585    -156
   355     589    -124
   356     607     -93
   357     588     -61
   358     601     -41
   359     611       4
   360     593      34
   361     599      70
   362     583     102
   363     584     131
   364     571     175
   365     558     198
   366     549     242
   367     524     271
   368     521     291
   369     501     341
   370     479     351
   371     464     374
   372     442     416
   373     424     422
   374     397     457
   375     365     482
   376     349     495
   377     323     526
   378     285     536
   379     266     548
   380     242     559
   381     202     580
   382     162     591
   383     147     588
   384     109     601
   385      64     593
   386      52     604
   387      10     609
   388     -27     592
   389     -47     602
   390     -90     595
   391    -125     580
   392    -149     583
   393    -193     566
   394    -224     545
   395    -241     544
   396    -295     527
   397    -317     503
   398    -342     486
   399    -381     465
   400    -389     454
   401    -426     432
   402    -450     406
   403    -464     383
   404    -492     361
   405    -507     337
   406    -531     302
   407    -545     272
   408    -556     249
   409    -573     223
   410    -581     187
   411    -591     160
   412    -600     121
   413    -590      88
   414    -602      61
   415    -611      23
   416    -589      -3
   417    -604     -39
   418    -591     -75
   419    -579    -104
   420    -593    -143
   421    -564    -176
   422    -559    -204
   423    -548    -243
   424    -527    -276
   425    -514    -305
   426    -495    -333
   427    -485    -363
   428    -451    -393
   429    -445    -412
   430    -421    -435
   431    -386    -461
   432    -378    -479
   433    -339    -501
   434    -311    -527
   435    -291    -526
   436    -258    -558
   437    -224    -577
   438    -204    -564
   439    -171    -597
   440    -131    -587
   441    -111    -595
   442     -64    -610
   443     -37    -579
   444     -17    -604
   445      33    -599
   446      60    -584
   447      88    -601
   448     127    -581
   449     161    -567
   450     191    -568
   451     227    -549
   452     262    -527
   453     285    -524
   454     325    -504
   455     354    -488
   456     370    -469
   457     406    -447
   458     431    -434
   459     447    -402
   460     479    -381
   461     493    -347
   462     503    -330
   463     536    -305
   464     549    -261
   465     556    -245
   466     576    -211
   467     579    -181
   468     586    -147
   469     602    -121
   470     604     -90
   471     598     -47
   472     595     -29
   473     605       7
   474     599      46
   475     593      80
   476     591     117
   477     568     148
   478     572     175
   479     561     217
   480     534     247
   481     531     271
   482     513     314
   483     490     326
   484     475     361
   485     450     399
   486     430     409
   487     421     441
   488     393     463
   489     363     483
   490     341     505
   491     315     522
   492     281     533
   493     257     553
   494     232     573
   495     190     578
   496     168     586
   497     134     593
   498      95     596
   499      71     600
   500      29     604
   501      -4     600
   502     -30     598
   503     -66     599
   504     -98     593
   505    -129     577
   506    -168     579
   507    -201     564
   508    -231     545
   509    -265     546
   510    -299     514
   511    -323     500
   512    -348     487
   513    -391     458
   514    -399     438
   515    -428     421
   516    -459     400
   517    -465     368
   518    -505     361
   519    -515     328
   520    -525     284
   521    -544     273
   522    -560     236
   523    -574     201
   524    -576     180
   525    -593     141
   526    -590     106
   527    -596      88
   528    -605      52
   529    -602       9
   530    -596     -17
   531    -593     -48
   532    -590     -89
   533    -580    -117
   534    -580    -146
   535    -565    -187
   536    -550    -216
   537    -540    -253
   538    -525    -286
   539    -505    -313
   540    -490    -345
   541    -469    -372
   542    -442    -395
   543    -435    -416
   544    -401    -452
   545    -379    -460
   546    -369    -486
   547    -335    -515
   548    -306    -518
   549    -279    -548
   550    -251    -553
   551    -217    -570
   552    -191    -587
   553    -157    -582
   554    -119    -600
   555     -95    -597
   556     -61    -594
   557     -32    -607
   558      -3    -604
   559      45    -600
   560      66    -589
   561      94    -586
   562     145    -575
   563     165    -565
   564     200    -564
   565     240    -541
   566     258    -533
   567     299    -518
   568     328    -502
   569     348    -482
   570     385    -457
   571     407    -451
   572     434    -417
   573     456    -397
   574     485    -383
   575     506    -344
   576     507    -321
   577     541    -298
   578     552    -260
   579     559    -236
   580     576    -205
   581     579    -165
   582     597    -147
   583     596    -107
   584     601     -81
   585     608     -55
   586     597     -12
   587     600      20
   588     594      57
   589     598      83
   590     587     127
   591     564     150
   592     572     178
   593     554     221
   594     534     247
   595     528     288
   596     502     311
   597     493     342
   598     480     372
   599     454     388
   600     430     424
   601     410     442
   602     392     466
   603     364     490
   604     339     500
   605     307     532
   606     276     538
   607     257     546
   608     215     574
   609     180     575
   610     162     594
   611     118     600
   612      96     588
   613      76     602
   614      21     604
   615       0     598
   616     -33     596
   617     -82     599
   618    -101     583
   619    -137     574
   620    -173     580
   621    -205     547
   622    -242     546
   623    -272     542
   624    -301     508
   625    -328     502
   626    -361     478
   627    -390     453
   628    -405     432
   629    -436     418
   630    -462     402
   631    -480     366
   632    -505     347
   633    -518     315
   634    -534     285
   635    -550     268
   636    -562     226
   637    -576     201
   638    -583     174
   639    -587     132
   640    -597     105
   641    -606      73
   642    -604      43
   643    -597       6
   644    -604     -22
   645    -601     -52
   646    -584     -95
   647    -591    -117
   648    -575    -159
   649    -554    -192
   650    -552    -216
   651    -539    -261
   652    -518    -284
   653    -500    -315
   654    -491    -356
   655    -460    -375
   656    -449    -396
   657    -431    -426
   658    -397    -451
   659    -385    -462
   660    -352    -490
   661    -328    -507
   662    -306    -522
   663    -274    -552
   664    -247    -553
   665    -221    -575
   666    -189    -587
   667    -152    -580
   668    -128    -599
   669     -88    -595
   670     -55    -602
   671     -30    -603
   672      10    -600
   673      41    -606
   674      71    -586
   675     102    -590
   676     144    -576
   677     173    -571
   678     207    -565
   679     243    -531
   680     261    -538
   681     308    -515
   682     335    -495
   683     357    -488
   684     395    -464
   685     412    -440
   686     434    -412
   687     461    -396
   688     484    -365
   689     495    -344
   690     517    -321
   691     537    -292
   692     552    -260
   693     570    -231
   694     573    -204
   695     583    -162
   696     595    -137
   697     598    -104
   698     600     -80
   699     606     -45
   700     605      -9
   701     596      19
   702     598      71
   703     592      89
   704     583     120
   705     582     157
   706     566     185
   707     546     223
   708     542     249
   709     522     297
   710     502     318
   711     491     340
   712     468     377
   713     448     390
   714     428     418
   715     403     446
   716     384     471
   717     357     491
   718     329     506
   719     308     531
   720     279     539
   721     251     560
   722     215     577
   723     184     572
   724     155     591
   725     117     591
   726      89     591
   727      51     606
   728      19     596
   729      -2     601
   730     -43     602
   731     -87     593
   732    -109     583
   733    -139     580
   734    -185     577
   735    -210     550
   736    -240     547
   737    -279     531
   738    -300     501
   739    -336     502
   740    -370     470
   741    -388     449
   742    -418     439
   743    -442     410
   744    -460     399
   745    -487     369
   746    -503     342
   747    -517     316
   748    -546     286
   749    -555     261
   750    -559     226
   751    -579     200
   752    -585     157
   753    -592     138
   754    -604     115
   755    -599      66
   756    -596      47
   757    -600       4
   758    -599     -28
   759    -594     -52
   760    -587     -98
   761    -582    -129
   762    -572    -163
   763    -562    -194
   764    -550    -232
   765    -537    -267
   766    -517    -287
   767    -499    -321
   768    -488    -356
   769    -462    -377
   770    -450    -403
   771    -423    -433
   772    -395    -450
   773    -383    -477
   774    -348    -503
   775    -320    -506
   776    -301    -534
   777    -273    -550
   778    -240    -552
   779    -218    -574
   780    -180    -585
   781    -144    -590
   782    -115    -591
   783     -82    -600
   784     -61    -601
   785     -13    -598
   786      18    -601
   787      44    -590
   788      83    -595
   789     111    -586
   790     150    -570
   791     180    -567
   792     213    -551
   793     251    -540
   794     284    -532
   795     310    -515
   796     340    -489
   797     364    -477
   798     392    -455
   799     424    -428
   800     448    -415
   801     472    -384
   802     484    -367
   803     510    -334
   804     521    -307
   805     536    -285
   806     564    -252
   807     562    -234
   808     583    -184
   809     587    -163
   810     590    -127
   811     608     -91
   812     598     -81
   813     607     -23
   814     602       2
   815     592      30
   816     602      77
   817     586     104
   818     581     132
   819     577     172
   820     558     209
   821     546     226
   822     541     264
   823     513     296
   824     492     326
   825     491     359
   826     456     373
   827     442     410
   828     426     432
   829     389     450
   830     377     489
   831     351     499
   832     320     523
   833     300     542
   834     264     540
   835     234     567
   836     211     582
   837     166     580
   838     140     594
   839     104     596
   840      74     596
   841      52     606
   842       7     595
   843      -8     597
   844     -60     608
   845     -98     586
   846    -116     589
   847    -164     583
   848    -191     556
   849    -222     554
   850    -254     534
   851    -292     515
   852    -316     503
   853    -340     484
   854    -378     470
   855    -391     447
   856    -426     436
   857    -453     403
   858    -465     371
   859    -499     364
   860    -503     315
   861    -522     302
   862    -550     286
   863    -554     237
   864    -567     222
   865    -573     180
   866    -590     157
   867    -590     128
   868    -594      88
   869    -609      65
   870    -598      22
   871    -612       5
   872    -602     -39
   873    -592     -76
   874    -593    -100
   875    -580    -149
   876    -575    -167
   877    -551    -203
   878    -548    -242
   879    -532    -272
   880    -502    -299
   881    -510    -333
   882    -481    -367
   883    -454    -378
   884    -442    -423
   885    -415    -437
   886    -401    -454
   887    -373    -491
   888    -340    -487
   889    -316    -520
   890    -296    -542
   891    -262    -540
   892    -237    -560
   893    -209    -580
   894    -160    -586
   895    -146    -587
   896    -110    -598
   897     -67    -602
   898     -45    -599
   899      -6    -601
   900      20    -604
   901      57    -588
   902      97    -592
   903     125    -587
   904     159    -561
   905     187    -568
   906     221    -551
   907     256    -534
   908     283    -531
   909     318    -503
   910     348    -492
   911     373    -472
   912     406    -441
   913     426    -430
   914     450    -407
   915     473    -374
   916     487    -358
   917     515    -336
   918     532    -298
   919     539    -278
   920     561    -244
   921     575    -214
   922     576    -187
   923     589    -142
   924     591    -123
   925     591     -86
   926     603     -51
   927     606     -28
   928     597      17
   929     600      43
   930     596      81
   931     579     113
   932     580     133
   933     569     183
   934     550     211
   935     543     239
   936     532     282
   937     512     301
   938     491     335
   939     481     358
   940     455     388
   941     438     424
   942     420     429
   943     389     468
   944     364     479
   945     340     496
   946     314     531
   947     281     529
   948     260     559
   949     222     559
   950     193     570
   951     174     594
   952     125     585
   953     103     599
   954      76     601
   955      31     608
   956       7     601
   957     -31     596
   958     -68     603
   959     -91     588
   960    -130     590
   961    -167     573
   962    -196     557
   963    -226     552
   964    -257     534
   965    -294     526
   966    -317     503
   967    -352     485
   968    -385     460
   969    -395     442
   970    -433     427
   971    -454     392
   972    -463     382
   973    -501     352
   974    -511     317
   975    -522     302
   976    -552     268
   977    -556     237
   978    -567     211
   979    -585     179
   980    -584     141
   981    -594     123
   982    -607      92
   983    -598      43
   984    -596      23
   985    -605      -8
   986    -602     -48
   987    -591     -75
   988    -588    -114
   989    -578    -149
   990    -560    -177
   991    -561    -217
   992    -543    -247
   993    -523    -274
   994    -519    -313
   995    -489    -339
   996    -472    -366
   997    -460    -399
   998    -433    -422
   999    -412    -439
  1000    -393    -467
  1001    -367    -491
  1002    -336    -496
  1003    -318    -526
  1004    -282    -539
  1005    -252    -551
  1006    -234    -571
  1007    -193    -570
  1008    -162    -593
  1009    -139    -594
  1010     -99    -597
  1011     -68    -604
  1012     -42    -603
  1013      -2    -604
  1014      30    -597
  1015      60    -603
  1016     100    -587
  1017     124    -579
  1018     156    -572
  1019     197    -559
  1020     233    -550
  1021     270    -534
  1022     297    -521
  1023     318    -504
