0       2.0628  0.63495
1      -10.303    7.176
2       16.768   2.0043
3      -11.821   7.6084
4      -11.757   8.1709
5       -11.87   7.7065
6      -12.264   7.9946
7       -0.906  -8.2389
8      -1.4409  -8.0153
9       14.919   3.4987
10     -12.905   7.4611
11      -13.54   8.2455
12     -13.363   8.0402
13      14.259   3.4522
14      13.689   3.3498
15     -3.1983  -7.9321
16     -3.4364  -7.9436
17     -15.016   8.2694
18      12.048    3.356
19     -16.005   8.5648
20     -16.355   8.5974
21     -16.132   8.2451
22     -16.424   7.8758
23     -5.7472  -8.4612
24      -6.535  -8.5205
25      9.6471    2.671
26     -18.545   7.1935
27     -18.751   6.9739
28     -18.749   6.5295
29      8.6328   1.1008
30      8.4187  0.20248
31     -8.3969  -12.023
32     -8.1194  -11.805
33     -8.2445  -12.807
34      7.9305  -1.3513
35     -2.9583   13.983
36      7.8264  -3.1568
37     -7.8358  -15.084
38      -18.67   1.0201
39     -18.334  0.37421
40     -1.8503   11.568
41     -1.4731   11.448
42     -17.019  -0.5411
43    0.059103   10.579
44      11.957  -6.0499
45     0.52568   10.602
46      12.854   -5.804
47     -14.765  -1.3608
48      2.5002   10.499
49     -1.7006  -17.282
50      14.571  -5.2664
51      3.8335   11.267
52      15.335  -4.6688
53    -0.74891  -15.863
54     -12.113  0.84047
55     -11.619  0.58711
56      4.7949   13.193
57      4.9741   12.893
58     -11.633   1.5178
59       5.576   13.974
60      16.752  -2.2293
61      4.9692   14.492
62      16.681  -1.0529
63     -11.838   3.0341
64       4.598   15.332
65     -12.085   4.3312
66     -12.332    3.949
67     -11.562   4.1959
68      15.769  0.30892
69     -12.524   4.8469
70      15.674  0.45896
71      -1.012  -12.016
72      3.2533   17.059
73      14.969 -0.17189
74      14.338  0.33706
75     -13.543   4.8619
76      14.178 0.011509
77      14.116  0.24104
78     -14.334   4.8092
79     -2.2449  -11.905
80      1.6047   15.898
81     -14.619    4.426
82     -14.754   4.1207
83     -14.005   4.1321
84      13.631 -0.27896
85     -14.752   3.8382
86       13.55 -0.37001
87     -3.1274  -12.626
88       1.784    15.16
89      13.906 -0.60925
90      13.169 -0.89273
91     -14.583    2.872
92      13.628 -0.59661
93      13.838 -0.64743
94     -14.324   3.4691
95     -2.3918  -12.973
96      2.0201   15.571
97      13.898 -0.86253
98     -2.1096  -12.747
99     -13.692   3.1721
100    -1.7247  -12.638
101      13.87 -0.058627
102     2.0473   16.041
103    -1.9502  -12.342
104     13.954 -0.040611
105    -14.196   3.9958
106      1.491   16.264
107    -14.206   3.9401
108    -2.6609  -11.479
109    -14.467   4.1916
110    -2.6698  -11.916
111    -2.9705  -11.996
112     13.345  0.60154
113     12.842  0.14513
114    -3.1435  -12.478
115    -15.162   3.2743
116    -3.1224  -12.321
117     13.217 -0.32175
118    0.83128   15.898
119    -2.6799  -12.864
120     13.249 -0.26114
121    -14.956   3.2759
122     1.1527   15.452
123    -14.709    2.416
124    -1.5632  -13.355
125    -14.348   3.2949
126    -1.5214  -12.705
127    -1.5044  -12.694
128     15.093 -0.097254
129    -13.789   3.3845
130     14.868  0.19532
131    -13.932   3.9056
132    -13.812   4.7937
133    -13.591   4.4538
134    -13.752   5.0641
135    -1.1958  -10.759
136    -1.3832  -10.055
137     14.581   2.6657
138    -14.827   6.0357
139    -14.729   6.2518
140    -14.506   6.2463
141     13.586   3.7196
142     13.261   3.6618
143    -3.4786  -9.1711
144    -3.4933  -8.9741
145    -16.783   7.1446
146     11.187   3.5232
147    -18.179   6.9165
148    -18.575    6.837
149    -18.501   6.6565
150    -18.635   6.3387
151    -6.4505  -10.178
152    -7.1921  -10.506
153     8.9716   2.5061
154    -20.344   5.3635
155    -20.375   4.7959
156    -20.092   4.3529
157      8.162  0.70242
158     8.3436 0.039226
159    -8.0629   -13.65
160    -7.9434  -13.664
161    -7.9446  -14.493
162     7.9887  -1.5418
163    -4.4447    13.84
164     7.9649  -3.0742
165    -7.5595  -16.251
166    -19.928 0.0024279
167    -19.636 -0.66844
168    -3.5627   12.049
169    -2.9913   11.882
170    -18.787  -1.2104
171    -1.7007   11.042
172     12.074  -4.9615
173    -1.2948    11.29
174      12.25  -5.3238
175    -16.388  -2.0887
176    0.70279   11.444
177    -2.7381  -18.503
178     13.942  -4.3489
179     1.5129    11.85
180     14.357  -4.6857
181     -1.706  -17.518
182    -14.649 -0.51231
183    -14.236 0.030006
184     2.2706   13.046
185     2.0447   13.487
186    -13.925  0.24559
187     2.4047   13.794
188     15.768  -2.1755
189     2.2101   14.748
190     15.354  -2.5046
191    -14.485   1.5651
192     2.2418   15.055
193     15.317  -2.1922
194     15.273  -1.4803
195     14.904  -1.6749
196    -14.931   1.4125
197     15.324  -1.7567
198    -14.867   1.5503
199     2.0893   15.325
200    -1.5947  -15.287
201     -14.99   2.4751
202     -14.38   2.1627
203     15.105  -1.4472
204    -15.028   2.6651
205    -14.634   2.9301
206     15.703  -1.5632
207     2.2611   16.392
208    -1.3948  -13.782
209      15.73 -0.47279
210     16.012 -0.093208
211     15.238 -0.25888
212    -15.121   3.4395
213     15.106 -0.13597
214    -15.299   4.1172
215     1.8242   17.523
216    -2.0458  -13.357
217    -15.293   4.5618
218    -15.981   4.3076
219     14.801  0.10448
220    -16.317   4.9224
221     -15.85    4.761
222     14.455  0.76295
223    0.38296   18.231
224    -3.3352  -12.303
225     13.966  0.83427
226    -3.7993  -12.763
227    -16.985   4.5846
228    -3.5627  -12.915
229     13.825   1.1619
230    0.13888    19.27
231    -4.1848  -12.373
232     13.729   1.0128
233     -17.48   5.4493
234    -0.3041   19.231
235    -18.023   5.3499
236    -4.8744  -11.611
237    -18.089   6.1531
238    -5.5717  -11.426
239    -5.8215  -11.567
240     11.899   2.4831
241     11.134   1.7313
242    -7.5473  -11.657
243    -20.738   6.0847
244    -8.0519  -11.899
245     9.9872   1.8263
246     -4.265   19.099
247    -9.2693  -12.954
248     8.9794  0.16109
249    -23.486   4.9401
250    -5.0084    18.02
251    -23.858   4.0675
252    -10.985  -14.702
253    -24.146   2.8066
254    -11.154   -16.31
255     -10.76  -16.529
256     7.3323  -3.1889
257      7.468  -4.0611
258    -24.211  0.89182
259     8.6271  -5.3363
260     8.2985  -5.8805
261     8.2395  -5.5944
262     8.5139  -7.0869
263    -4.5893   11.882
264    -4.1269   11.522
265    -22.853  -2.2826
266     10.135  -8.2902
267     10.352   -8.595
268     10.572  -8.3442
269    -21.615  -3.1955
270    -21.043  -3.1596
271    -1.3404   9.7295
272    -1.0037   10.412
273     12.512  -9.5154
274    -19.395  -3.3742
275     13.493  -9.8625
276       13.2  -9.7606
277     14.091  -10.322
278     14.586  -9.8898
279       1.53   9.5362
280     1.8519   9.7844
281    -17.497  -2.7472
282     15.649  -9.6528
283     16.257  -9.6011
284      16.25   -9.199
285     -16.66  -1.4945
286    -16.012  -1.8256
287     4.3804     10.9
288     4.7215   11.444
289    -3.1649  -21.554
290     17.376  -7.6598
291     4.7226    12.24
292     17.105  -7.8246
293    -3.3365  -20.389
294    -15.467  0.26341
295    -15.948  0.50775
296      4.517   13.067
297     4.6184   13.268
298    -16.106   1.3678
299     4.8348   12.777
300       16.9  -7.8004
301     4.5181   12.877
302     16.289  -8.2713
303    -16.607 -0.16549
304     5.1061   12.182
305    -4.1677  -21.323
306      16.81  -8.3373
307     5.4386   12.077
308     17.478  -9.2367
309    -3.2858  -21.071
310    -14.691  0.24627
311    -14.802  0.82425
312      7.333   12.359
313      6.918   12.318
314    -13.402   1.1477
315     8.4612   11.884
316     19.413  -8.5822
317     8.2768   13.438
318     20.098  -8.3537
319    -12.685   3.1383
320     8.8872   14.575
321      9.606   14.871
322     9.1962   15.486
323     9.3907   15.166
324    -1.5604  -16.699
325     9.7771   16.148
326    -1.9206  -16.292
327    -13.358   6.4853
328     19.591  -5.2446
329    -3.5699  -15.277
330     -3.206  -14.469
331     7.6193   17.291
332    -4.7724  -14.918
333    -4.6202  -14.751
334     7.4288   17.472
335    -15.573   7.4972
336     16.259  -4.5631
337     6.3588   17.676
338     6.3751   16.916
339     5.7974   16.652
340    -6.5141  -14.556
341     6.2275   16.577
342    -6.9158   -15.56
343    -16.208   7.3915
344     15.447  -5.9819
345     -7.908  -15.374
346     -7.383  -15.184
347     5.3516   16.642
348    -7.8912  -15.681
349    -7.6808  -15.217
350     5.5817   15.588
351    -16.338   6.6353
352     13.973  -7.2465
353     -16.53   6.9674
354     6.4134   14.447
355     13.721  -7.6667
356     5.4196   14.627
357    -16.623   5.3447
358    -8.7478  -17.375
359     5.7596   13.102
360    -16.889   5.4027
361     13.326  -9.7388
362    -8.3577  -17.364
363     14.402  -9.9796
364     7.0177    11.98
365     14.268  -9.8239
366     6.6878   11.603
367     7.8205   11.885
368    -14.726   4.4529
369    -13.907   4.7089
370     9.0416   11.769
371     15.413  -11.077
372     9.0626   11.375
373    -13.296   4.9244
374    -5.8964  -16.647
375     9.9891   12.392
376    -12.693   5.7715
377     16.495    -10.3
378    -5.7733  -16.138
379     16.505   -9.492
380     10.504   13.192
381     16.043  -9.4155
382     10.311   13.114
383     10.273   13.535
384    -12.016    7.072
385     1.9002 -0.31875
386     1.4338 -0.08937
387     1.7603 -0.74437
388     1.5201 -0.37539
389     1.9237 -0.21784
390     1.4874 -0.49574
391     1.4435 -0.26236
392     2.1147  0.18805
393     1.5923 -0.13946
394     1.2861 -0.14903
395     2.0525 -0.37892
396     1.2013 -0.17554
397     1.4326  0.60526
398     1.1819  0.69316
399     1.1823  0.40006
400     1.5899 -0.19978
401    0.94467  0.30166
402    0.78793  0.47479
403      1.169  0.32183
404    0.92165   0.7547
405    0.85256  0.91571
406     1.2098  0.33473
407     0.5407  0.61681
408    0.64346   1.0414
409    0.43321  0.90788
410    0.83909  0.24973
411   0.008137  0.29997
412   -0.046587  0.45098
413   -0.29589  0.50062
414   0.020351 -0.37875
415   -0.13256  0.02212
416    0.61176 -0.19751
417    0.18367 -0.27537
418   -0.063558   0.1603
419   -0.093287  0.44861
420   0.029473 -0.075652
421    0.71306 0.015306
422   -0.14497 -0.20606
423    0.42182 0.054332
424    0.55001 -0.10046
425    0.49408 -0.045885
426    0.31248  -0.2204
427    0.60697 0.0050816
428    0.74121   0.3945
429    0.63181 -0.38189
430    0.57885  0.42581
431    0.41172 0.0076842
432    0.45442  0.58358
433    0.21886  0.37439
434    0.42214  0.64924
435    0.22919  0.62145
436    0.13423   0.4935
437   -0.10874   0.3504
438   -0.14671   0.4178
439    0.09159   0.2829
440    0.11435  0.27134
441   -0.10037  0.32544
442   -0.004189 0.047976
443   -0.061924  0.23717
444   0.074778  0.24545
445   -0.20033 -0.21898
446   -0.41897 -0.18819
447   -0.061844  0.04279
448   -0.064474 -0.22647
449    0.17822 -0.15241
450    0.13903 -0.16833
451   0.097468 -0.011183
452    0.18306 -0.088616
453   0.087941 -0.039936
454     0.4298 0.031905
455    0.31824 0.079874
456    0.41045 0.053247
457    0.24264  0.14798
458    0.16186  0.37376
459    0.12075  0.31166
460    0.15486  0.30897
461   0.065658  0.30468
462   0.039016  0.36815
463   -0.040483  0.37474
464   -0.11037  0.33711
465   -0.26387  0.26982
466   -0.27043  0.25474
467   -0.32954  0.25174
468   -0.30155  0.13222
469   -0.38609 0.078632
470      -0.36  0.02665
471   -0.30738 -0.045609
472   -0.30665 -0.10686
473   -0.23804 -0.11787
474   -0.17894 -0.14052
475   -0.15245 -0.17104
476   -0.067492 -0.15342
477   -0.049204 -0.16444
478   -0.0028314 -0.11694
479   0.052431 -0.073991
480   0.080612 -0.038202
481   0.087528 0.021695
482   0.094588 0.061783
483    0.07306  0.12531
484   0.059313  0.17749
485   0.0017612  0.22803
486   -0.04177  0.25672
487   -0.093447  0.28049
488   -0.15646  0.28973
489   -0.20911  0.29058
490   -0.28069    0.268
491   -0.33734  0.23511
492    -0.3801  0.19251
493   -0.43308  0.17064
494   -0.42719  0.10301
495   -0.45128 0.022023
496   -0.44037 -0.033686
497   -0.43319 -0.070508
498   -0.41553 -0.12147
499   -0.34574 -0.17032
500    -0.2982 -0.19791
501   -0.25932 -0.20265
502   -0.22197 -0.21135
503   -0.15717 -0.19089
504   -0.12623 -0.17895
505   -0.094131  -0.1371
506   -0.04427 -0.086093
507   -0.038308 -0.049911
508   -0.033587 -0.00054896
509   -0.042228 0.057257
510   -0.059799  0.14271
511   -0.11035  0.16061
512   -0.085624 -0.24607
513   -0.089618 -0.29978
514   -0.047028 -0.36282
515   -0.015404 -0.40414
516   0.025307 -0.44056
517   0.078082 -0.46934
518    0.12652 -0.49684
519     0.1802 -0.48216
520    0.25156 -0.46868
521    0.30529 -0.46476
522    0.34756  -0.4265
523    0.39678 -0.39555
524    0.42558 -0.34217
525     0.4242 -0.30217
526    0.43858 -0.22939
527    0.44555 -0.17667
528    0.40432 -0.13456
529    0.38131 -0.10256
530    0.31953 -0.075409
531    0.27579 -0.055425
532    0.22132 -0.052375
533    0.17535 -0.056458
534    0.12161 -0.08242
535   0.070359 -0.12636
536   0.054268  -0.1736
537   0.032852 -0.23305
538   0.031383 -0.28661
539   0.026404 -0.35982
540   0.049756 -0.38453
541   0.082203 -0.45138
542    0.14491 -0.50428
543    0.18616 -0.52188
544    0.24638 -0.56329
545    0.34118 -0.57636
546    0.34868 -0.51954
547    0.44809 -0.55139
548    0.54227 -0.52193
549      0.525 -0.46892
550    0.63765 -0.35067
551    0.56803 -0.34917
552    0.50893 -0.28965
553    0.57168 -0.15084
554    0.57924 -0.17967
555    0.43042 -0.22409
556    0.50241 -0.096813
557    0.42357 -0.10988
558    0.41406 -0.21297
559    0.23915 -0.11039
560    0.19387 -0.31598
561    0.24768 -0.084199
562   0.062344 -0.12128
563    0.18976  -0.3413
564    0.14799 -0.41597
565   0.094571 -0.35252
566    0.16766 -0.46799
567    0.27242  -0.5112
568    0.11052 -0.58362
569    0.45483 -0.71555
570    0.14728 -0.58498
571    0.71209 -0.56982
572    0.39122 -0.66421
573    0.85097 -0.63237
574    0.77931 -0.68743
575    0.46516 -0.53798
576    0.89137 -0.48294
577     1.1042 -0.30015
578    0.72168 -0.49395
579     0.7082 -0.20823
580     1.0678 -0.53873
581    0.79945 -0.060329
582    0.42191 -0.19338
583    0.95655 0.022989
584    0.71492 -0.17265
585    0.20082 -0.39266
586    0.59347    0.272
587    0.17217 -0.26999
588    0.13414 -0.39266
589    0.68188 -0.40525
590    0.19904 -0.81232
591   -0.21358 -0.19074
592    0.67007 -0.64288
593     0.2456  -1.3431
594    0.41359 -0.68031
595    0.47238 -0.99943
596    0.33368  -1.0849
597    0.99374 -0.38979
598    0.31927 -0.88783
599    0.90888  -1.1174
600     1.1053  -1.2434
601     1.2355 -0.54128
602     1.3032 -0.53313
603     1.4153 -0.61051
604     1.4522 -0.27456
605     1.3599  0.59504
606     1.1099  0.44162
607     1.3153 -0.87897
608      1.392 -0.094551
609     1.2909 0.032943
610     1.1122   0.3935
611     1.0673  0.72087
612    0.72557 -0.061887
613    0.52552  0.28955
614    0.73361  0.14997
615     1.1317 -0.57377
616    0.83228  0.04767
617     1.2308 -0.65533
618     1.0519 -0.56508
619     1.2261  -1.2936
620    0.95586 -0.71394
621    0.64792  -1.4961
622     1.2492  -1.5509
623     1.0497  -1.5527
624     1.7536  -1.7221
625     1.8124  -1.7112
626     1.8333  -1.1047
627     2.3343  -1.3027
628     3.4127  -1.6112
629      3.107  -1.0616
630     3.6475 -0.65403
631     3.2632  -1.1956
632     3.6632   0.1574
633     3.6959 -0.33717
634     4.0258  0.56396
635      4.626  0.17468
636     4.0085  0.95764
637     4.2952   1.4296
638     3.7096   1.7444
639     4.0265   1.2957
640    -10.092 -0.16678
641     17.513   4.2371
642    -10.576  0.70058
643      -11.7  0.92556
644    -11.059   1.0922
645    -11.415   1.8832
646     4.2421  -10.431
647     4.2494  -10.521
648     16.298   6.2579
649    -12.831   1.7469
650    -13.135   2.0606
651    -12.542   2.1246
652     15.495   5.9068
653     15.533   5.6259
654      1.795  -10.184
655     1.8572  -10.729
656    -14.418   2.1065
657     14.417   4.6633
658    -15.108   2.8793
659    -15.763   2.3635
660    -15.683   2.7438
661    -15.223   2.6193
662   -0.65469  -10.912
663   -0.83793  -11.317
664     12.387   3.6032
665        -17   1.8666
666    -17.356   1.0101
667     -16.87   1.2217
668     11.778    2.472
669     12.072   2.6376
670     -2.141   -13.45
671    -1.8342  -13.824
672    -1.7232  -14.039
673    -17.299 -0.29836
674    -3.1302   14.601
675    -17.043  -1.5681
676   -0.75971  -14.978
677     13.862 -0.23997
678    -15.524  -1.2274
679   -0.21324  -15.971
680   -0.32485   13.824
681     15.232 -0.62674
682   -0.094061   14.128
683    -14.032 -0.54074
684     1.0229   14.331
685    -13.613 -0.26651
686    -13.274   0.2677
687     1.6273  -14.665
688     1.7855  -13.468
689    -13.544   1.5492
690     1.6663   16.817
691    -13.963   2.0953
692     1.1049  -12.963
693     15.705   2.3336
694    -14.316   3.2356
695   -0.29586      -12
696    0.24674   18.135
697     14.975   2.2364
698   -0.59236   18.206
699    -16.104   3.3932
700   -0.99372    18.11
701    -17.275   2.9603
702    -16.688    2.417
703    -2.2618   -13.53
704    -3.0273  -13.307
705    -2.6051  -13.887
706    -2.9283  -13.392
707    -1.7292   16.164
708    -3.5559  -14.473
709    -1.4912   16.406
710     13.285 -0.65544
711     -17.69   1.0235
712   -0.75926    15.58
713    -1.0862   14.653
714    -2.9989  -15.025
715   -0.57219   15.117
716   -0.69505   14.928
717    -2.8515  -15.809
718     13.395  -1.7184
719    -16.734  0.51557
720    -3.1285  -15.745
721    -2.9232  -16.368
722    -3.1561  -15.148
723   -0.16391   13.718
724    -2.6665  -15.966
725   -0.29829   14.234
726     13.799  -3.0575
727    -16.377 -0.21742
728     0.3635   13.105
729    0.52022   12.349
730     -2.124  -17.528
731     1.3633   12.914
732     1.1335   12.323
733    -1.2695  -17.497
734     16.222  -4.2357
735    -13.934 -0.34908
736     17.021  -3.8995
737     3.1164   13.063
738    -12.882  0.21684
739     4.6473   13.152
740     18.156   -3.195
741     1.0426  -15.967
742     1.4009  -15.298
743    -12.077   1.8193
744    -11.868   2.2223
745     1.1255  -14.006
746    -11.956   3.7189
747     4.8811   16.862
748    -12.541   3.9146
749     4.8265    17.69
750    0.31889  -12.354
751    -12.956   5.4014
752     16.875    1.205
753     2.8482   18.328
754     -14.34   5.9391
755     2.8869   18.004
756     14.514     1.37
757    -2.7805  -11.637
758     -3.298  -11.448
759    -15.943   5.7502
760    -16.222   5.4113
761    -3.8713   -11.22
762    -16.722   5.3274
763    -0.1479   17.641
764    -17.315   4.4291
765    -0.3984   16.666
766     -5.259   -12.86
767    -17.827   4.7969
768     11.057 -0.87976
769    -18.111   3.5689
770     11.427  -1.8083
771     10.847  -2.1359
772     10.642  -2.2981
773     10.669  -3.1398
774    -1.9019    13.48
775     -1.508   13.305
776    -18.352  0.44429
777     10.934  -4.6351
778      11.16  -5.1828
779     10.956  -5.3695
780    -17.881 -0.97052
781    -17.217  -1.2865
782    0.64677   10.124
783    0.75067   10.256
784     12.877  -7.0307
785     -14.99  -1.7518
786     14.529  -7.5646
787     14.542  -7.9129
788     15.026  -7.1598
789      15.56  -7.0435
790     4.2341   9.8548
791     5.0156   10.159
792    -11.183   -1.173
793     17.442   -6.512
794      18.13   -6.176
795     18.069   -4.963
796    -10.231  0.49991
797    -9.9413   1.3584
798       6.94   13.238
799     7.0237   14.128
800     18.179  -3.0188
801     0.8558  -13.861
802    -10.489   3.7102
803    0.81223  -13.433
804     17.434  -1.0593
805     5.5958   16.539
806   -0.67955  -12.175
807     16.369 -0.46106
808    -12.408   5.7101
809     4.1898   16.768
810    -13.233   4.8992
811    -2.2288  -11.861
812    -13.262   5.0154
813    -2.8448  -12.167
814    -3.1378  -12.345
815     14.072 -0.69886
816     13.978  -1.0288
817     -3.661  -12.477
818    -14.616   4.3866
819    -3.3154  -12.564
820     14.073  -1.2313
821     2.4122   15.991
822      -3.42  -13.231
823     13.608  -1.5557
824    -14.756   4.2931
825     2.4105   15.464
826     -14.64   4.1737
827    -3.7474  -13.619
828    -14.992     3.98
829    -3.9204  -13.107
830     -3.773  -13.304
831     13.554  -2.0327
832    -15.578   4.5518
833    -15.472    4.043
834    -15.278   4.0398
835     13.078    -1.93
836    -15.698   4.3153
837     12.827  -2.5644
838    -4.6067  -13.894
839     1.9086   14.828
840     12.826  -3.3558
841     12.425  -3.4073
842    -15.381   3.0792
843     12.742  -3.9993
844     12.427  -4.1049
845    -15.553    2.956
846    -4.4629  -14.809
847     1.9883   13.124
848    -15.317   2.4428
849    -15.122    2.062
850    -14.663   2.0548
851      14.15  -4.5288
852    -14.425   2.4263
853     13.708  -4.3882
854    -3.4623   -15.09
855     3.7821   13.097
856      14.39  -4.7292
857     14.372  -4.8062
858    -13.954   2.3553
859     14.345  -4.2644
860     14.226  -4.4687
861     -13.78   2.5436
862    -2.7155  -14.543
863     3.8384   13.695
864     4.0486   13.865
865    -13.006   2.8975
866    -2.6117  -14.361
867     -12.72   3.6775
868     4.3787   14.886
869      14.84  -2.9738
870     14.615   -2.682
871     -2.873  -13.434
872    -2.9501  -13.361
873     14.176   -2.297
874    -3.9281  -12.655
875    -14.325   4.8196
876    -3.7519  -12.745
877     -15.27   5.0381
878     12.823  -1.4515
879    -4.9454  -12.326
880     1.4515   15.869
881    -16.129   4.4131
882    -6.1866  -12.919
883    -16.702   4.6608
884    0.22033   14.451
885     10.968  -3.4829
886     10.462    -3.86
887    -7.2115  -14.698
888    -7.0889  -15.221
889     9.9426  -4.9425
890    -7.1655  -16.055
891    -17.838  0.71869
892    -6.4161  -17.135
893    -16.747 -0.22469
894     11.484  -7.6898
895    -6.0906  -18.485
896     1.4441   8.9585
897    -4.8099  -18.912
898     2.5574   8.6682
899     3.5395   8.5528
900     3.2685   8.0201
901     4.4478    8.029
902    -12.447  -2.2268
903    -11.612  -2.0232
904   -0.79529  -19.166
905     6.3442   9.1486
906      6.841   9.3087
907     6.8663    9.332
908     0.6063   -18.03
909     1.2172  -17.315
910    -9.3401  0.28899
911    -9.0042  0.64614
912     8.0202   11.362
913     1.6694  -15.545
914     8.5741   12.277
915     8.4993   12.428
916     8.3205   12.887
917     8.2707   13.149
918    -8.9903   2.8441
919    -9.1819   3.2728
920     1.2147      -14
921     7.7197   14.533
922     7.4404   14.479
923     7.6269   14.571
924    0.67518   -13.39
925    0.70268  -12.515
926     -10.17   5.0201
927    -9.9079    4.968
928   0.079284  -11.968
929    -10.552   5.4585
930     6.1861   15.384
931    -11.164   5.3234
932   -0.47279  -11.641
933     16.754  -1.1268
934    -11.658   5.6105
935    -1.5801  -11.793
936     5.4793    15.92
937     15.253 -0.91413
938     4.4392    15.79
939    -12.183   5.3385
940     4.5719   15.435
941    -12.746   4.9678
942    -12.543   4.9252
943    -1.8962  -12.496
944    -2.2339  -12.294
945    -13.005   4.8065
946     4.2874   14.737
947    -12.428   4.0699
948    -1.7133  -13.137
949     15.474  -2.3448
950    -12.759   3.8905
951    -1.7384  -13.057
952     4.6003   14.405
953     15.375  -2.0871
954     5.0027    14.38
955    -12.434    4.135
956      5.191   14.933
957    -11.711   4.5183
958    -12.197   4.4472
959    -1.3715  -12.242
960     5.3925   15.866
961     4.9482   15.958
962     4.8195   15.468
963    -1.5704  -11.778
964     4.8476   16.147
965    -2.0537   -11.56
966    -13.171   5.4028
967     14.692 -0.61722
968    -2.8075  -11.443
969     -3.131  -11.575
970      3.282   15.488
971    -3.6521  -12.019
972    -3.7722  -11.851
973      2.917   15.413
974    -14.641   4.4937
975     12.971  -1.8119
976     2.5823   14.801
977     2.4154   14.562
978     2.5797   13.858
979    -3.5958  -13.975
980     2.9679   13.759
981    -3.4776  -13.853
982    -13.674   2.9408
983     13.978  -3.7794
984    -3.1704  -14.113
985    -2.9265  -14.063
986     3.3284   13.572
987    -2.4829  -14.202
988    -2.2371  -13.982
989     3.7876   13.518
990    -12.542   2.7711
991     15.007  -3.3367
992     15.244  -3.2613
993     3.9931   13.115
994    -12.309   2.7637
995     4.3446   12.712
996     15.529  -3.4528
997     -1.376  -13.966
998     -1.005  -13.951
999    -12.049   2.6098
1000   -11.987    2.505
1001  -0.91466  -13.933
1002    -11.52   3.0956
1003    5.5038   13.912
1004   -11.321    2.711
1005    5.8459    13.84
1006   0.37436  -13.638
1007   -10.711   3.0838
1008    17.925  -2.8229
1009    6.2178   13.959
1010   -10.094   3.5133
1011    6.6298   14.512
1012     17.62  -1.7415
1013    1.2004  -12.634
1014   0.94832  -11.801
1015   -9.9599   5.3558
1016   -9.5332   5.3573
1017    1.4339  -10.819
1018   -9.9441   6.0263
1019    6.7662   17.376
1020   -9.7518   6.8112
1021    6.2855   17.168
1022   0.67631   -9.335
1023   -10.361   7.587
