0        664.91   -261.72
1        640.43    -298.8
2       -75.885    299.94
3        104.94   -304.14
4       -146.94   -635.46
5       -344.19    269.21
6        571.44    200.19
7        675.79    68.006
8        349.92    468.13
9        153.31    542.07
10      -324.23    320.81
11       25.526   -141.78
12       189.33   -483.82
13      -390.42   -132.84
14      -60.281    340.06
15       297.83    257.91
16       64.047   -385.34
17       90.878   -448.17
18      -211.13    63.732
19      -328.16   -82.641
20        36.99   -171.42
21       -126.8    256.04
22      -298.75    61.078
23        115.3   -180.11
24       245.07    3.1854
25       32.204    54.718
26     -0.34903    37.106
27       19.035   -68.358
28      -24.279   -150.25
29      -19.454    42.215
30       10.595    94.293
31       3.7303   -20.112
32       4.1842   -6.2386
33       16.223    24.497
34       5.9132     20.52
35       72.701    7.2377
36       91.577   -2.7081
37       89.035    20.249
38        82.73   -44.362
39       97.355    90.947
40       116.57    316.62
41        109.3    161.16
42       162.75   -66.923
43       39.735   -43.789
44      -212.18   -104.77
45      -123.62   -352.38
46       97.984   -161.71
47       46.018    114.16
48       54.509   -588.33
49       254.77   -730.28
50       105.27    311.01
51       27.318    182.49
52       242.15   -296.61
53      -3.9238    378.66
54      -96.705    324.75
55       659.55   -307.07
56       707.94    26.936
57      -176.62    416.44
58      -53.281    103.79
59       104.49   -495.67
60      -652.04   -666.33
61     -0.81422     103.1
62       862.46    743.54
63      -41.274    427.13
64      -411.38   -196.58
65      -158.07   -590.52
66      -553.41   -439.39
67      -549.14   -39.729
68      -536.47    95.937
69      -725.47    259.91
70      -275.48    155.57
71      -150.16      -418
72      -445.56   -458.95
73      -311.52    151.56
74      -220.05    328.69
75       95.303    -43.88
76       549.86  -0.47438
77        178.2     356.3
78      -153.89    47.401
79       106.77   -204.34
80       47.177    479.29
81      -105.16    583.12
82      -70.243   -195.66
83      -172.21   -20.556
84      -159.92    380.32
85       72.492   -191.37
86       43.244   -289.85
87      -250.25       185
88      -206.09    25.894
89       76.112   -176.74
90       87.769    62.785
91      -4.3445    138.59
92       63.932    36.225
93       60.101    4.4868
94      -43.932   -18.098
95       7.6058   -13.046
96      -4.0028    6.2965
97      -35.845   -17.293
98      -28.287    -49.57
99      -70.714  -0.33458
100      -47.67    73.172
101     -75.342    24.888
102     -111.27   -103.08
103     -121.27    -207.3
104     -114.31   -159.69
105      76.426    53.863
106       137.7    114.61
107     -44.198    39.174
108      52.949    190.38
109      259.07    98.809
110      135.23   -401.99
111      78.669    -239.4
112     -16.485    423.24
113      -114.9    486.46
114      159.02    302.66
115      12.175    472.22
116     -87.886    469.26
117      555.18    13.199
118      395.25   -1.0118
119     -356.22    418.86
120     -367.04    129.74
121      28.581   -175.58
122      302.43    275.97
123     -75.121    214.82
124     -245.31   -301.06
125      697.74   -34.947
126         481    381.49
127     -266.22    238.27
128      834.83    7.9361
129      706.56    46.845
130     -569.98    193.64
131      194.77   -143.15
132      280.49    -334.6
133     -705.64     289.9
134     -15.364    584.67
135      505.22    540.89
136     -107.04    619.77
137     -507.17    147.76
138     -391.22   -286.03
139      507.87   -380.36
140      575.52   -645.67
141     -606.86   -109.89
142     -630.67    598.39
143    -0.57819   -26.899
144      117.25   -472.82
145       195.4   -301.69
146     -145.81   -518.24
147     -242.75   -325.88
148      51.294    26.137
149     -339.57   -285.84
150     -377.18   -387.49
151      149.61   -127.97
152      139.55   -101.61
153       53.21   -95.443
154      73.876   -12.422
155      36.319     49.05
156      36.507    110.14
157      -26.62    24.628
158     -28.914   -77.009
159      4.0168   -15.693
160      4.4084    3.7128
161     -7.6629   -13.066
162     -100.23    2.9709
163     0.91025   -49.459
164      68.208    -5.138
165      -250.3    119.97
166     -177.85    69.056
167      114.21     63.67
168      16.183    225.44
169      -39.72    68.762
170     -70.962   -219.05
171      237.38   -289.94
172      341.45   -346.25
173      -534.8   -76.792
174     -578.34    69.729
175      58.775   -329.64
176     -144.34   -242.87
177      56.716   -91.103
178      181.86    -281.3
179     -240.83     259.9
180      252.77    394.95
181      25.486   -557.26
182     -740.05   -687.88
183     -39.833   -248.17
184      198.39   -398.85
185      267.74   -338.17
186      794.85    115.43
187     -136.04    394.75
188     -215.72    425.86
189      905.65   -20.243
190      204.07   -546.75
191     -394.35   -148.73
192      145.74    613.17
193      376.66    440.37
194      656.78    183.81
195      236.34    551.74
196     -265.69    124.33
197      510.33   -462.05
198      642.36    239.11
199     -183.38    575.55
200     -600.01   -57.645
201     -456.38   -165.76
202      194.25    238.57
203       342.3    251.84
204      144.78   -125.66
205      465.87   -90.111
206      138.53    376.62
207     -33.969    211.44
208      702.02    -246.2
209      339.22   -132.92
210     -274.05   -275.92
211      8.8124   -590.61
212     -209.01   -277.01
213     -262.72   -5.6315
214      286.43    22.453
215      287.01    149.25
216       71.43    140.63
217     -132.62    6.6215
218     -228.73   -40.337
219      67.815   -23.668
220      17.744    2.4727
221     -202.34    9.8803
222     -35.264    10.757
223      40.342  -0.48227
224     -15.302      3.97
225      18.461    19.051
226     -15.292    10.281
227      29.664    69.934
228       18.54    58.911
229     -102.75   -76.383
230      23.593    78.397
231     -11.754     342.6
232     -286.17    119.76
233     -170.31   -219.73
234      193.02   -66.965
235      458.48   -12.033
236      406.96   -359.84
237     -146.59   -143.88
238     -456.57    237.06
239      113.23   -202.09
240      740.05    -376.1
241      564.79   -180.52
242        73.6   -557.46
243       28.67   -608.87
244     -24.963   -386.95
245     -271.69   -535.76
246      89.982    -191.6
247      638.71    214.87
248      330.55    21.447
249     -289.11   -207.28
250     -292.74   -220.33
251     -52.015    290.69
252     -378.36    420.88
253     -646.48    -380.4
254      37.557   -288.62
255      86.984    75.693
256     -817.28   -565.97
257     -192.28   -349.06
258      735.85    308.63
259     -32.648    -81.21
260      -154.9   -51.774
261      594.13    331.21
262      275.85   -195.83
263     -30.278   -608.66
264      180.17    97.818
265      94.874    673.21
266     -69.861    121.95
267     -422.17   -137.05
268     -324.85    217.84
269      603.37   -33.354
270      618.64   -78.081
271      -93.54     293.5
272     -172.55    90.123
273     -280.62    131.07
274     -461.44    364.42
275     -216.38    217.05
276       -67.7    320.66
277     -28.994    178.91
278      73.645   -91.421
279     -24.512     121.8
280     -78.664    70.921
281      30.562   -8.4637
282      55.735    128.65
283      68.752   -105.39
284      56.627   -125.59
285     -8.1943    145.67
286     -31.629     47.78
287     0.53699   -45.806
288      9.0649    17.074
289     -14.731  -0.96888
290      13.669    21.822
291      57.101    49.305
292      21.659    97.844
293    -0.86594    49.016
294      37.245   -103.48
295     -39.116    22.651
296     -61.061     247.3
297      182.15    194.47
298      222.97   -109.61
299      54.526   -319.18
300      140.35   -278.03
301      244.52   -225.98
302       137.2   -73.042
303      149.77   -29.839
304      376.86   -78.678
305      74.195    271.69
306     -639.81    359.52
307     -362.95    332.25
308      159.44    461.08
309     -254.48   -321.61
310     -106.24    -455.6
311      461.29    535.06
312       46.19    13.082
313      37.845   -359.87
314      503.57    458.62
315      177.62   -285.15
316      59.229    -462.9
317     -2.4157    881.77
318     -445.02    121.59
319     -188.24   -828.33
320      335.12    13.686
321       602.9    32.268
322      351.61   -278.42
323     -457.91   -232.35
324      -251.7    -698.3
325      380.18    -288.7
326      91.524    489.39
327      47.693   -90.792
328     -71.058   -632.24
329     -604.38   -153.42
330     -335.55    431.95
331      -90.05    683.83
332      -236.7    512.55
333      -10.11    144.87
334      23.951    106.97
335     -161.12    149.51
336     -239.25   -70.762
337     -43.204    -225.3
338      421.63    -250.7
339      175.08   -382.33
340     -190.94    -236.9
341       227.5    286.94
342      174.18     212.8
343     -164.99   -171.87
344      17.238    79.851
345     -91.386    120.71
346     -234.53    -123.3
347     -47.889    53.035
348     -61.279    60.546
349     -33.808   -93.362
350      52.446    12.713
351      1.0948    35.712
352      0.6849   -11.771
353       23.15    2.7732
354      15.931   -33.752
355     -48.483   -2.1596
356     -42.526   -68.059
357      59.359   -163.03
358      27.239    81.197
359     -63.834       148
360     -70.985   -163.59
361     -26.499   -126.83
362      56.062    233.49
363      188.53    290.12
364      133.04    68.958
365     -230.26   -129.27
366     -140.43   -155.59
367      327.76   -69.479
368      266.23    54.671
369      301.32    86.944
370      478.19   -200.11
371      153.29   -493.83
372      167.56   -345.68
373      298.26    22.436
374     -15.882    195.16
375      148.08     184.5
376      238.79   -27.685
377     -291.59   -389.36
378     -512.24   -257.34
379     -663.24    215.45
380     -687.24   -61.753
381     -97.869   -455.05
382      158.69    39.621
383     -188.77   -99.198
384     -178.42   -849.04
385       370.2   -38.642
386      564.94    814.04
387      227.09   -99.791
388      67.336   -215.17
389     -56.605    719.68
390      51.522    67.862
391      437.85   -586.33
392     -229.29    297.49
393     -717.89    319.32
394     -113.37   -405.77
395      -546.2   -105.42
396     -549.64    192.65
397      756.01    159.58
398      267.74    465.31
399     -788.54    160.05
400     -469.12   -539.28
401     -354.67   -318.16
402     -339.31    153.79
403     -252.67    180.26
404     -375.97    261.03
405      104.01    248.34
406      298.23    -101.9
407     -142.36    -206.9
408      -133.3    198.54
409     -20.298    381.61
410     -11.108    73.539
411      129.27   -58.757
412      79.662    100.32
413      4.2215    97.312
414      42.944  -0.54979
415     -7.4825    20.912
416     -8.0235    8.7709
417      52.251   -3.4176
418       69.26     51.39
419      57.104   -11.341
420      1.2312   -84.034
421       -61.5    19.695
422      53.008    61.007
423      180.78   0.05598
424     -189.85    83.561
425     -334.02   -11.959
426      14.247    -178.2
427     -288.29     104.8
428     -361.39    38.552
429      331.79   -240.93
430      165.97    240.47
431     -438.76    33.692
432     -378.92    -728.1
433     -51.634   -67.451
434      28.193    426.77
435     -380.46   -47.207
436     -230.27    322.06
437      547.47    466.88
438      393.35   -344.28
439      6.2998   -294.45
440     -62.971    614.17
441     -410.35    921.07
442     -491.28    142.51
443     -561.96   -226.78
444     -274.94    529.31
445      742.45    542.36
446      416.81    88.781
447     -868.27    267.43
448      -953.1     122.1
449     -529.78    241.39
450     -351.71    716.27
451     -149.18    295.52
452      38.024    259.49
453      130.66    570.97
454     -107.66   -201.56
455     -248.21   -568.12
456     -28.492   -29.764
457      148.39    231.77
458      239.34    33.256
459      144.25   -371.07
460      310.99    78.948
461      438.01    754.45
462     -299.61    176.23
463      -271.3   -63.982
464      289.74    206.88
465     -342.04   -416.64
466     -459.46   -444.03
467     -11.481    185.37
468     -332.22   -62.332
469     -158.08   -161.36
470      174.77    217.81
471     -168.07    65.315
472      -135.3   -133.54
473      104.77    20.418
474      195.45     97.71
475      335.95    41.225
476      93.613   -2.9259
477     -153.49   -18.417
478     -4.2694   -16.915
479      48.976    12.513
480      -10.58    3.2456
481      7.9347    24.533
482      5.2887    135.32
483      13.959    62.422
484      2.3657    2.7232
485     -106.47    111.37
486    -0.56635   -43.291
487      114.62   -169.61
488     -223.01   -4.1716
489     -92.103   -7.6224
490      310.34   -131.43
491     -152.61   -209.08
492      11.599    40.747
493      528.35    541.65
494     -402.14    265.14
495     -555.68   -287.14
496       218.5   -316.26
497      -257.4   -522.85
498     -535.81   -260.01
499     -451.83    348.66
500     -597.33   -56.039
501      194.22   -113.84
502         508    312.98
503        -318   -84.339
504     -488.94    105.86
505     -34.036    795.09
506      557.84    582.99
507       872.8    411.76
508      285.27     458.9
509     -180.48    65.656
510      10.566   -76.425
511     -71.735    304.48
512     -461.91    308.69
513     -273.72   -584.88
514      106.76   -951.91
515     -347.26   -70.439
516     -115.31    144.09
517      902.21   -158.74
518     -4.0654    209.28
519        -779    206.23
520      379.05    75.614
521       281.8    376.61
522     -233.53     309.7
523      505.43    169.45
524      244.73   -25.376
525        -235   -407.87
526      344.64   -63.756
527      379.37    353.74
528     -126.95    235.97
529     -263.11    163.39
530     -7.8683   -170.42
531      183.96   -245.56
532      69.883    168.22
533      33.866     38.57
534     -27.391   -35.237
535     -48.612    164.13
536      82.177   -69.458
537     -60.299   -194.57
538     -141.27   -107.03
539      13.808   -140.98
540     -61.484   -55.345
541     -103.82    49.356
542      43.429   -13.107
543       34.15    -33.43
544     -12.716    6.6302
545      3.6249   -17.067
546       20.96   -6.8193
547     -43.593    55.933
548     -47.732   -8.6877
549      155.89   -67.909
550      39.414    92.194
551     -245.86    102.63
552     -102.62    85.177
553      164.06    208.72
554      278.89    79.868
555      228.46    31.478
556      209.08   -55.303
557      210.25   -197.69
558     -11.698    165.43
559     -3.7706    146.86
560     -124.19   -94.687
561     -583.95    27.661
562     -433.07   -347.21
563     -289.97   -195.37
564       -84.2    477.72
565      716.71    64.591
566      257.47    45.599
567      -495.6    499.65
568     -66.291    133.82
569     -510.75    190.52
570     -595.81   -9.1475
571      322.32    -578.7
572     -415.97    190.55
573     -558.56    401.39
574       648.3   -404.46
575     -22.875   -333.85
576     -730.77    61.865
577     -200.48     343.2
578     -111.84   -21.449
579       305.7   -597.67
580      450.69    299.59
581     -386.71    510.95
582     -293.36   -587.77
583       543.9   -448.66
584      480.26   -231.61
585     -315.89      -406
586     -635.79   -105.29
587     -259.13   -188.07
588     -119.08    159.39
589     -210.55    441.63
590     -32.439   -271.59
591      145.93   -143.15
592      308.97    196.91
593      348.46   -117.06
594       197.2    182.37
595      217.03    101.25
596     -91.706   -383.31
597     -477.42    14.387
598     -32.237    90.138
599      184.22   -244.55
600     -81.817   -135.43
601      134.59   -81.888
602      222.63    44.203
603      -2.668    134.73
604      32.722   -45.012
605      24.994   -31.233
606     -53.604    41.595
607      5.6902    4.0223
608      11.983  -0.96134
609      -11.22    35.996
610     -12.681    35.784
611      52.899   -21.924
612      77.326    18.617
613     -125.37     -21.2
614     -34.329   -131.87
615      204.69   -72.966
616      65.402   -151.18
617      43.448   -122.92
618     -32.146    11.419
619     -240.48   -214.05
620      55.266    121.99
621      45.669    425.61
622     -362.85   -279.26
623      28.951    -262.3
624         440    123.56
625      143.02   -177.92
626     -212.45    53.861
627     -354.78    5.2678
628     -123.01   -432.59
629       66.02    255.52
630      -64.21    420.11
631      -223.3    -369.3
632     -489.22   -147.09
633     -245.34    587.41
634      334.96    771.23
635      134.38    558.17
636      34.409    181.55
637         187   -76.915
638     -195.23   -81.535
639     -273.64    -76.09
640     -168.72   -409.94
641      159.98   -758.07
642      567.89   -622.32
643     -223.09   -299.85
644     -220.89    383.37
645       607.6    851.86
646      -398.8   -61.669
647     -673.76   -428.44
648      296.03    300.47
649     -341.52   -192.14
650     -387.21   -411.92
651      451.84    305.88
652      -42.52   -271.68
653      13.378   -398.42
654      540.62     558.3
655      102.39    222.72
656     -223.23   -208.29
657     -263.91    195.81
658      214.74    150.42
659      624.67    80.675
660     -218.99    122.38
661     -467.97   -269.32
662      307.03    -237.1
663      283.68    163.35
664      78.124   -104.22
665      245.63   -436.31
666      87.373   -290.65
667     -50.618   -167.14
668     -28.325   -35.877
669     -75.179    79.252
670     -8.3414    7.5491
671      39.015   -23.982
672     -4.8224    3.0869
673      22.134   -13.403
674      91.364   -37.177
675      35.492   -74.763
676     -7.0755    83.656
677      18.561    154.91
678     -191.92   -151.75
679     -124.79   -148.68
680      183.05   -68.175
681     -77.604   -384.21
682      -232.8   -340.82
683      15.519   -99.283
684      66.845   -207.33
685      128.33    28.699
686      148.69    342.96
687      183.52   -41.716
688      139.31   -51.871
689     -424.13     521.1
690     -163.81    400.68
691      523.65    -22.22
692     -436.45   -60.873
693     -752.18   -264.51
694      658.61   -224.53
695      396.67    63.794
696     -587.74   -419.03
697      186.84   -649.92
698      363.55   -372.49
699     -468.85   -439.15
700     -189.27    337.51
701     -58.447    808.61
702     -637.98   -457.74
703      -124.8   -864.12
704      401.03   -310.38
705     -175.76   -274.91
706     -514.56    152.39
707     -473.66     244.1
708     -105.99   0.38603
709      461.71     554.4
710      208.93    234.69
711     -272.75    -317.7
712     -284.19    519.08
713     -85.321     714.8
714      490.99    404.83
715      533.59    554.39
716     -138.09    12.396
717     -95.546    -294.3
718      162.51    136.57
719     -155.05    90.347
720     -263.18   -347.19
721      143.37   -643.34
722      413.53   -275.49
723       76.44    298.03
724     -54.136    103.58
725      239.63   -111.72
726      5.7925    82.201
727     -41.477    170.23
728      400.04    108.44
729      186.92   -139.18
730      -4.938    -148.8
731      172.49    22.696
732      -40.97   -131.06
733     -75.985   -88.826
734      99.508    96.526
735      14.764    38.472
736     -7.3481   -11.398
737      26.209   -33.746
738      26.898    9.8883
739     -62.276   -35.352
740     -78.471    57.286
741      65.174    304.72
742     -72.134   -117.86
743     -156.07   -311.94
744     -21.789    149.48
745      5.6493   -48.062
746      273.69    18.986
747      322.01    375.69
748     -15.014   -265.15
749       47.23   -135.73
750      133.47    544.29
751      40.473   -91.054
752     -101.72   -536.19
753     -182.78   -327.51
754      416.27    49.138
755      346.59       594
756     -480.85    69.234
757      166.64   -491.49
758      628.73    228.42
759      33.306    662.23
760      464.04    144.27
761      686.97   -661.91
762      227.14   -744.21
763      160.67   -158.29
764     -302.86    -233.8
765     -316.72   -79.333
766      250.99    546.47
767     -122.43    352.75
768        -427     463.3
769     -429.47    612.57
770     -575.94    133.54
771      149.31    284.56
772      712.45   -221.22
773      263.19    -816.6
774      60.976     387.3
775      107.05    577.71
776      24.019   -4.0672
777     -18.968    679.82
778      -166.9    134.25
779     -95.693   -487.93
780      98.716    514.68
781     -95.223    44.246
782     -195.05   -724.01
783     -64.118    124.33
784     -31.908    189.31
785     -15.619   -350.11
786     -82.559   -304.52
787     -85.772   -250.14
788      79.201    46.359
789     -24.948     289.8
790     -210.48    -94.05
791     -28.157   -320.37
792      42.815   -177.45
793      -87.88   -18.527
794      55.826    107.79
795      95.705    -1.213
796      -76.36   -58.024
797     -30.711    13.975
798      71.988   -10.384
799      26.853   -10.134
800      -9.364   -5.0487
801      2.7594    17.703
802     -24.942    13.346
803      1.4268   -29.731
804       132.6   -30.605
805      71.415   -51.029
806     -146.28    -50.83
807     -62.784   -82.232
808      100.02    2.4392
809      74.446    231.93
810      67.219    14.972
811       96.95   -198.73
812      205.36    203.75
813     -37.488    75.038
814     -310.12   -383.69
815      144.63   -108.61
816     -6.2147   -209.34
817     -537.26   -605.69
818      62.745   -315.93
819      35.258   -128.07
820     -551.56    118.05
821      33.247    396.04
822      128.32   -146.18
823     -281.24   -642.54
824     -11.735    -788.1
825      209.81    -697.2
826      612.33   -58.158
827      294.16   -82.378
828     -828.56   -274.54
829     -325.78    349.84
830      754.69   -74.069
831      601.58   -820.75
832      58.468   -298.71
833     -330.07   -39.421
834     -70.726    147.93
835      74.615    604.02
836     -470.71    281.89
837      111.66    114.04
838      850.15    449.32
839      116.86    522.73
840     -294.51    289.28
841     -57.034   -149.11
842       81.44    46.154
843     -15.321    367.56
844     -441.83   -212.29
845     -28.296   -187.37
846      411.83    382.88
847     -240.07    213.27
848     -21.435    136.55
849      528.77    198.68
850       -38.9    156.12
851     -27.607    208.23
852      429.15    -136.6
853      72.744   -218.34
854     -127.78    258.09
855       110.9    328.55
856      139.08    233.48
857     -21.069    209.06
858     -108.04    1.0366
859      1.7003   -20.197
860      76.892   -11.152
861      10.082   -67.426
862     -22.677    43.493
863     -22.008    40.162
864      8.5117   -7.6537
865      6.0159    2.5242
866      3.8405    37.118
867     -3.4299    49.182
868     -101.89     10.04
869      13.041    79.594
870      205.56    15.988
871      57.804    4.9206
872      37.936    91.599
873      232.79   -80.017
874      164.95    136.21
875     0.77892    221.16
876     -93.429   -293.77
877     -122.58    15.242
878      61.948    453.15
879      183.27    37.604
880      54.381   -129.52
881      4.7067   -67.631
882     -53.671     289.2
883     -238.12    447.05
884      13.969   -375.39
885      335.36   -82.303
886     -69.982       875
887     -352.19    453.87
888      175.75    99.121
889      514.41   -53.296
890      143.24   -243.91
891     -191.94   -66.345
892      -111.7   -427.31
893     -131.67   -30.798
894     -365.01    669.51
895     -504.21   -62.281
896     -602.97    128.46
897      -547.2    501.17
898     -306.65   -194.87
899      85.735    413.57
900      790.64    437.96
901      632.57   -425.38
902     -478.95    439.38
903     -568.41    670.59
904     -338.16    112.63
905      -597.7    98.075
906     -7.4472      -658
907      152.01   -299.97
908     -367.24    636.05
909      210.89   -266.73
910      173.76   -588.77
911     -717.92    113.06
912     -252.95    217.22
913       241.3    8.6577
914      78.201   -330.46
915      457.02   -118.59
916       424.7     224.3
917     -131.46   -223.19
918      12.809    -276.5
919      330.81    21.922
920      50.657    40.405
921     -304.39    193.61
922     -105.57      36.6
923      122.96   -59.895
924     -16.839    125.69
925     -0.6033   -65.044
926      96.528   -89.374
927      5.1433    57.865
928     -11.081     7.206
929      -16.19    25.965
930      -5.589    44.768
931      13.429    116.36
932      101.44    52.035
933      250.24   -79.684
934     -21.439    182.99
935     -207.74    271.26
936       12.88    80.004
937      54.902   -153.47
938      152.48   -419.93
939      7.6587   -62.682
940     -345.34    213.52
941     -44.409   -71.492
942     -5.8836   -25.652
943     -543.15    113.26
944     -435.52    155.47
945     -187.94   -53.515
946    -0.083549   -233.39
947      603.48    232.87
948      705.46   -149.42
949      169.56   -496.25
950     -75.711    539.13
951      149.15     276.3
952      80.656   -196.49
953     -461.23    479.22
954     -212.21   -359.16
955      110.68   -517.83
956     -376.65     551.5
957     -29.633   -489.57
958      436.84    -798.7
959     -140.01    547.07
960      -36.85    341.19
961      114.59   -315.92
962     -380.98   -609.16
963      72.066   -364.42
964      279.05    609.05
965     -556.63    248.06
966     -346.68   -597.17
967      64.114   -340.93
968     -684.28    79.421
969     -768.35     470.2
970      96.384       273
971      263.94   -10.519
972      222.92    257.77
973      485.78   -280.22
974       265.5    -701.5
975      16.929      -205
976      451.39   -147.53
977       570.3    7.8301
978      242.33     45.84
979     -42.269   -106.98
980     -266.52    379.51
981     -97.457    118.62
982      301.54   -607.91
983       251.9    22.713
984        68.5    171.25
985     -104.46    22.472
986      159.86   -12.437
987      157.05   -128.15
988     -87.267    28.095
989      28.093   -41.551
990      61.568   -58.866
991      11.127    -17.73
992     -6.0992    7.1593
993      21.664    21.264
994     -44.991    40.793
995      40.444    -26.41
996      203.27   -121.29
997     -3.8813   -63.161
998     -148.96    229.21
999     -21.246    223.03
1000     10.775    324.31
1001    -27.415    259.13
1002    -194.36   -301.58
1003     31.196    -149.5
1004     394.46    141.57
1005    -225.53   -454.27
1006    -719.99   -184.98
1007     -312.7    324.61
1008     14.318    -177.5
1009     120.42   -428.41
1010     32.713   -470.16
1011      178.2   -478.93
1012     513.81    62.087
1013    -277.89   -202.32
1014    -634.19    -746.7
1015     282.89   -527.35
1016     300.96    85.182
1017    -71.567    414.84
1018     224.22   -111.37
1019     297.35   -301.83
1020     239.45    369.25
1021    -236.18   -360.52
1022    -63.311   -801.36
1023     391.55   -218.06
