     0   -1195   -2048
     1   -2048      -7
     2   -1327    -136
     3   -2048   -2048
     4      88   -1955
     5     614   -2015
     6   -2048   -2042
     7   -1286   -2048
     8   -1584    -455
     9     137    2047
    10    1524    2047
    11   -1727      29
    12   -2048   -2048
    13   -1337   -2048
    14    1735    1448
    15    2047    2047
    16    1921    1488
    17    1807    2047
    18    2047    -511
    19    1484   -2048
    20   -2048    1440
    21    -745   -1348
    22    2047   -2048
    23    2047    1931
    24    1595     -29
    25   -1849   -2048
    26   -2048   -1450
    27   -1377   -2048
    28   -2048    -396
    29   -1109    -651
    30    2047   -2048
    31    -784   -1847
    32   -2048   -1720
    33    1144    2047
    34    -597    1468
    35   -2048   -1910
    36   -1531    2047
    37   -2048     306
    38   -2011   -2048
    39   -1950   -1665
    40   -2048   -2048
    41   -1699   -2048
    42   -2048   -1567
    43    -857   -2048
    44    2047   -2029
    45    1212    1935
    46   -1896     585
    47   -2048   -2048
    48   -1962   -1292
    49   -1857    1235
    50   -2048    2047
    51     -50    1391
    52    2047   -2048
    53    2047   -1047
    54     742    2047
    55   -2048    1153
    56    -551   -1365
    57    2047   -2048
    58    1669    -354
    59    2008    2047
    60    2047   -1275
    61    1537     878
    62    2047    2047
    63    1454    -463
    64   -1689   -2048
    65   -2048   -1673
    66   -2048    2040
    67    -426    -149
    68    2047   -2048
    69    2047    -347
    70   -2048    2047
    71   -1252    2025
    72    1804    -630
    73   -2029    1204
    74   -2048    2047
    75   -1632   -1694
    76   -2048   -2048
    77   -1871   -1743
    78   -2048   -2048
    79   -2011     996
    80   -2048    2047
    81   -1908    2047
    82   -2048     868
    83   -1844   -2048
    84    1307   -2048
    85    2047   -1895
    86     487   -2048
    87   -2048   -2048
    88   -1937   -1672
    89   -2034   -2048
    90   -2048    -698
    91   -1593    2047
    92   -2048   -1706
    93    -737     100
    94    1385    2047
    95   -1380    -729
    96   -2048    -113
    97     137    2047
    98    1561    1908
    99   -2048    -667
   100    1481   -2048
   101    2047    -867
   102   -2048    1900
   103    -847    2047
   104    2047      51
   105    1818   -2048
   106    2024   -1880
   107    2000   -2032
   108    1966   -2048
   109    2004   -1878
   110    2010   -2048
   111    1915   -1957
   112    2047   -2019
   113    1833   -2048
   114    2047     957
   115    1638    2047
   116   -2048    1252
   117   -1383    2047
   118    2047    1361
   119   -1439   -1180
   120     191     967
   121    2047    2047
   122    1553     413
   123    1863   -2048
   124    2047    1215
   125     421    1455
   126   -2048   -2048
   127     734   -1873
   128    2047   -1740
   129   -1045   -2048
   130   -2048     710
   131    1950    2047
   132    2047    1385
   133   -1701    2047
   134    -520    -465
   135     744   -2048
   136     391     478
   137      -6   -1793
   138     437   -2048
   139    2047   -1724
   140    1636   -2048
   141    2047   -1894
   142     632   -2048
   143   -2048   -1735
   144   -2048   -2048
   145   -1634    -889
   146    1902    2047
   147    2047    1914
   148    1882    1968
   149    1813    2047
   150   -2048    1899
   151   -2048    2047
   152     866    1916
   153    2047    2047
   154    1980    1903
   155    1647    2047
   156    2047    1940
   157    1124    1967
   158   -1067    2047
   159    1754     157
   160    2047   -2048
   161    -775   -2048
   162     721    2047
   163    2047    1195
   164   -1670   -2048
   165   -1873    1330
   166    2047    2047
   167    1852    1451
   168    2047    2047
   169    1819    2047
   170    2047   -1332
   171    1253   -1033
   172   -2048    2047
   173    -763   -2048
   174    2047   -2048
   175    1568    2047
   176    2047    -297
   177    1843   -2048
   178   -2048   -2048
   179   -2048     509
   180   -1520    2047
   181   -2048     -42
   182    1066   -2048
   183    1684   -1740
   184   -2048    1663
   185   -1990    2026
   186   -1939    2047
   187   -2048    1234
   188   -1973   -2048
   189   -2048   -1989
   190   -2048   -2048
   191   -1992     571
   192   -2018    2047
   193   -2048    1365
   194     681    2047
   195    2047    1145
   196    1785   -1621
   197    1864   -2048
   198   -1703     180
   199   -2048    1864
   200     545    -667
   201    -369    -383
   202   -2048   -2048
   203   -2048    -470
   204   -1570    2047
   205   -1956   -2013
   206   -2048   -2048
   207     230   -1634
   208    2047   -2048
   209    1888   -2048
   210   -2048     692
   211   -1280    2047
   212    1972    2047
   213   -2047    1107
   214   -2048   -2048
   215   -1136     346
   216   -2048    2047
   217    -982    1083
   218    -866    2047
   219   -2048    -511
   220    2047   -2048
   221     749    1816
   222   -2048    2047
   223   -1802    1839
   224   -2048    2047
   225     894    1901
   226    2047    2047
   227     760    -661
   228    -253   -2048
   229    2047    -673
   230    2009    2047
   231   -2048    1584
   232    -195   -1738
   233    2047   -2048
   234    1603   -1651
   235    2047   -2048
   236    -108   -2048
   237     636    1691
   238    2047    1385
   239     427   -2048
   240   -1723   -1681
   241   -2048    1736
   242    -900    -532
   243    2047   -2048
   244    2040     -17
   245    1798    1145
   246    2047   -1910
   247    1842   -2048
   248    2010   -1134
   249    2047    1717
   250    1511    2047
   251    2047    1674
   252    -422    2047
   253   -2048    2047
   254     945    -367
   255    2047   -2048
   256    1834   -2048
   257    -397   -1333
   258   -2048    1964
   259    -411    2047
   260    1116    1337
   261   -1795    2047
   262   -2048    1652
   263     201   -1000
   264    1293    -591
   265   -1535   -1900
   266   -1742   -1822
   267   -2008   -1525
   268   -2048   -2048
   269   -1767    1783
   270   -2048    1266
   271   -1793   -2048
   272   -2048    -833
   273   -2048    2047
   274    1625    1330
   275    2047   -2048
   276    1896   -2019
   277    2047    1553
   278   -2048    2047
   279    -933    1644
   280    2047   -1195
   281    1598   -2048
   282    2047     302
   283    1941    2047
   284    1973    1614
   285    2047    2047
   286    1851    1625
   287    2047   -1781
   288    1596   -2048
   289    2047     647
   290    1189    2047
   291   -1881    1713
   292   -2048    2047
   293   -1535    1849
   294    1834    2047
   295    2047    1878
   296    1629    1997
   297    2047    2047
   298    1460   -2048
   299    2047   -1620
   300     654    1820
   301   -2048   -2048
   302     880   -2048
   303    2047     715
   304     766    -459
   305   -1865   -2048
   306   -2048   -1408
   307   -1333    2047
   308   -2048    2047
   309    -849    -916
   310    2047   -2048
   311   -1442   -1714
   312   -2048    1521
   313   -1611    2047
   314   -2048    1936
   315   -1964    1954
   316   -2040    2047
   317   -2048    2047
   318   -1943   -1366
   319   -2048    -700
   320   -2048    2047
   321   -1871    1202
   322   -2048   -2048
   323    -597   -1938
   324    2047   -2048
   325    -715    -851
   326   -2048    2047
   327    1408     291
   328     845    -571
   329   -1737    2047
   330   -1634   -1535
   331   -2048   -1826
   332   -1793    2047
   333   -2048    1047
   334    1181   -2048
   335    1797    -550
   336   -2048    2047
   337   -2048     723
   338   -1948   -2048
   339    1619   -2048
   340    2047   -2018
   341    2047   -2029
   342    1443   -2048
   343   -2048   -1679
   344   -1640   -2048
   345   -2048   -1154
   346    -581    2047
   347    1468    1713
   348   -2048    2047
   349     126    1356
   350    2047   -2048
   351   -2048   -2048
   352   -1656   -1828
   353    2019   -2048
   354   -2048   -1878
   355   -1536   -2048
   356    2047   -2048
   357   -2048    1199
   358   -1049    2047
   359    2047   -1428
   360     230   -2048
   361   -2048   -1593
   362   -2012   -2048
   363     879   -2030
   364    2047   -1724
   365     937   -2048
   366   -2048     691
   367   -1898    1561
   368    1419   -2048
   369    2047   -1062
   370    2047    2047
   371    -794    1911
   372   -2048    1992
   373   -2048    2047
   374   -1402    1800
   375    1948    2047
   376    2047    1945
   377    2047   -1502
   378   -1314   -2048
   379   -2048   -1527
   380    2047   -2048
   381    -444      59
   382   -2048    2047
   383     788   -1139
   384    2047    -875
   385    1632    2047
   386    2047   -1238
   387    2047    -986
   388    1509    2047
   389    2047   -1633
   390   -1047   -2048
   391   -2048    2047
   392    1565    1187
   393   -2048   -1352
   394   -1393   -1731
   395    2047   -2048
   396    1575   -1630
   397   -2048   -2048
   398   -1661    -967
   399    2047    2047
   400    1920    -784
   401    2047   -2048
   402     908    1135
   403   -2048    2047
   404   -2048    2047
   405    1010    -272
   406    2047   -2048
   407   -1725    -787
   408   -2048    1976
   409   -1595    2047
   410   -2048    1778
   411   -2048   -1323
   412   -1689   -2048
   413   -2048     502
   414    -467    2047
   415    1445    2047
   416   -2048    2039
   417   -1707   -1684
   418    2047   -2048
   419    1654   -1774
   420    2047   -2048
   421     739   -1905
   422   -2048   -2048
   423   -2026   -1699
   424   -1880   -2048
   425   -2048    -980
   426   -1763    2047
   427   -2048    1861
   428   -2048    2047
   429    1915    1901
   430    1815    2047
   431   -2048    2011
   432    -559   -1643
   433    2047   -2048
   434      -5   -1691
   435      75   -2048
   436    2047   -2048
   437    -501    1008
   438    -730    2047
   439    2047   -1113
   440     162   -2048
   441   -2048   -1692
   442    1690   -2048
   443    2047   -1692
   444    1256   -2048
   445    2047    -591
   446    -652    2047
   447   -2048    -550
   448    1024   -2048
   449    2047    1313
   450    2047    2047
   451    -638    1755
   452      97    2047
   453    2047    1423
   454    1437    2047
   455    2047     408
   456     106   -1125
   457     425    2047
   458    2047    1650
   459   -1779    2047
   460   -2048    1683
   461    -644   -2048
   462    2047      72
   463    1872    2047
   464    1914    -399
   465    2047   -2048
   466   -2048   -2009
   467    -303   -1729
   468    2047   -2048
   469   -2048     438
   470     944    2047
   471    1773   -1995
   472   -2048   -2048
   473   -1606   -1809
   474    1583   -2048
   475    2047   -1804
   476    1369   -2048
   477    2047     143
   478     492    2047
   479   -2048    1955
   480     841    -505
   481    2047   -2048
   482    1217   -1957
   483   -2048   -1645
   484    -281   -2048
   485    2047     308
   486    2047    2047
   487     484   -1800
   488   -2048   -2048
   489   -1987   -1773
   490    1711   -2048
   491    2047   -2048
   492    1553   -1920
   493    2047   -2048
   494     744   -1941
   495   -2048    2047
   496   -2048    1345
   497    1027   -1797
   498    2047    1787
   499    -614    2047
   500    -449    2047
   501    2047    -210
   502     422   -2048
   503   -1745   -1887
   504    1542   -1999
   505    -544    2047
   506   -2048    1975
   507   -1499   -2048
   508   -2048   -1925
   509   -2048   -2048
   510    1223   -2048
   511    1132   -1963
   512   -2048   -2048
   513    -405    1354
   514    2047    2047
   515    1390    1196
   516    2047    2047
   517    -891    -588
   518   -2048   -2048
   519    2010    2047
   520    1601    -457
   521     414   -2048
   522    2047   -1310
   523    2047   -2048
   524     834   -1637
   525   -2048   -2048
   526   -1887   -1751
   527    1376    2047
   528   -1995     965
   529   -2048   -1723
   530    2047    1688
   531    -319    2047
   532   -1912     435
   533    2047   -1535
   534      89   -2048
   535   -2048    -229
   536   -1634    2047
   537   -2048    1488
   538   -2048    2047
   539   -1649   -1699
   540   -2048   -1585
   541   -1057    2047
   542    2047   -2048
   543     327    -298
   544   -2048    1059
   545   -1900   -2048
   546     900   -1592
   547    2047   -2048
   548    2047   -2030
   549      22   -2048
   550   -2048   -2008
   551   -1557   -2048
   552   -2048   -2048
   553   -2048    1393
   554    2047    2047
   555    -234    2047
   556   -2048     607
   557    2047   -2048
   558    1802   -1843
   559   -2048   -2048
   560      30   -2020
   561    1770   -2048
   562   -2048   -1937
   563     336   -2048
   564    2047   -2048
   565    1305    2047
   566    2047     951
   567    2047   -2048
   568    -478   -1954
   569   -2048   -2009
   570   -1222    1489
   571    2047    2047
   572    1547   -1504
   573     112   -2048
   574    -569    -742
   575   -2048   -2048
   576    -337   -1664
   577    2047    1937
   578    1572    2047
   579    2047    1976
   580    2047    1714
   581   -2048    2047
   582   -1262     568
   583    2047   -1765
   584    -282    1159
   585     251    -209
   586    1180   -1020
   587   -2048    2047
   588   -1804    1660
   589    2047   -1934
   590     876   -2048
   591   -2048    1512
   592   -1571    2047
   593   -2048   -1594
   594   -1469   -2048
   595    2047   -1669
   596    1520   -2048
   597    2047   -1893
   598     647   -2018
   599   -2048   -2048
   600   -1337     819
   601   -2048    2047
   602     246    1472
   603    2047    2047
   604   -2048    1616
   605   -1014   -2048
   606     991   -2048
   607   -2048    1236
   608   -1685    2047
   609   -2048    1554
   610   -2048    2047
   611    2047    1905
   612     851    1835
   613   -2048    2047
   614     541   -1762
   615    2047   -1619
   616    1276    2047
   617   -2048    1767
   618   -1872    2047
   619    2047    -495
   620     179   -2048
   621   -2048    1123
   622    1349    2047
   623    2047   -1434
   624    1510   -2048
   625    2047    -665
   626    1517    2047
   627    2047    2047
   628    1373    1540
   629   -2048    2047
   630     294    1459
   631    2047   -2021
   632   -2048   -2048
   633   -1963   -1982
   634   -1955   -2041
   635   -2048   -2048
   636    1339   -2048
   637    2047    1720
   638    2022    2047
   639    1647   -2006
   640    2047   -2048
   641    1333   -1406
   642   -1960   -2048
   643   -2008    -490
   644   -2048    -825
   645    1192   -2048
   646    1642    2047
   647   -1925    1931
   648    -373    -384
   649   -1799    1895
   650   -2048    2047
   651   -1673   -1139
   652   -2048   -2048
   653    1185    1766
   654    2047     161
   655   -1232   -2048
   656   -1215   -1707
   657    2047   -1934
   658    1391   -2048
   659    2047   -1500
   660    1032    1148
   661   -2048    2047
   662    1278    1261
   663    2047   -2048
   664   -2048   -1900
   665   -2048   -2048
   666    1546    -817
   667    1822    2047
   668    2047   -2048
   669     608   -1146
   670   -2048    2047
   671    1105   -1038
   672    2047   -1180
   673    1341    2047
   674   -1659    1925
   675   -2048    1694
   676   -1558    2047
   677   -2048     542
   678     967   -2048
   679    2047   -1985
   680    1846   -2048
   681    1861   -2048
   682   -2048   -2004
   683    -200   -2048
   684    2047    -147
   685   -2048    2047
   686    -600    1449
   687    2047   -2048
   688     -94    1208
   689     906     622
   690    2047   -2048
   691   -1226    1361
   692   -2048      -6
   693   -1305   -2048
   694   -2048    1823
   695   -2048    2047
   696     507   -1484
   697    2047     349
   698     659    2047
   699   -2048    1691
   700    -759    2047
   701    2047   -1430
   702    -603   -2048
   703   -2048    1657
   704   -1763    1271
   705   -2048   -2048
   706   -1900   -2048
   707   -2048   -1523
   708    -849   -2048
   709    2047     145
   710    2047    2047
   711   -1143   -1171
   712   -1518    -111
   713    -564    1392
   714   -2048   -1713
   715   -2048   -1680
   716     369    1880
   717    2047    2047
   718    2047    -896
   719    1755   -2048
   720   -1775   -1705
   721   -2048   -2048
   722   -2001   -2048
   723   -1959   -1748
   724   -2048   -2048
   725   -2048    -309
   726    1630    2047
   727    -397    1851
   728   -2048    1976
   729    2047    2047
   730    2047    1674
   731   -1578    2047
   732    -242     200
   733    2047   -2048
   734   -1620     146
   735   -2048    2047
   736   -1623   -1705
   737   -2048   -2048
   738   -1854   -1252
   739   -2048   -2048
   740     260   -1261
   741    2047    1775
   742     680   -1507
   743   -2048   -2048
   744   -1984   -1524
   745   -2048   -2048
   746     277   -1696
   747    2047   -2048
   748    1282   -1998
   749    2047    1555
   750    1677    2047
   751    -957    -646
   752    1251   -2048
   753    2047    -101
   754    1424    1802
   755    2047    2047
   756    2047    1489
   757   -2048   -2048
   758    -552    1114
   759    2047     837
   760   -2048   -2048
   761   -1992    -518
   762   -2048    2047
   763    -280    2047
   764    2047    1674
   765   -1167    2047
   766    -189    1225
   767    2047    -781
   768    2044    1875
   769     402    2047
   770   -2048    1341
   771   -1845    2047
   772   -1987    1721
   773   -2048   -2048
   774     324     637
   775    2047    2047
   776    1090   -1226
   777   -2048    1588
   778    -816    2047
   779   -1725   -2048
   780    -526   -2048
   781    2047   -1852
   782     760   -2048
   783   -2048   -1649
   784    -956   -2048
   785    2047   -1070
   786    1526    2047
   787    2047    1800
   788     198    1931
   789   -2048    2047
   790    2047   -1988
   791    1349    -779
   792   -2048    2047
   793   -2048    1348
   794    -880    2047
   795    2047    1585
   796     381   -2048
   797   -2048     332
   798    1879    2047
   799    2037   -1954
   800    1968    -729
   801    1923    2047
   802   -2048    1381
   803   -2034    2047
   804   -1921    2037
   805   -2048   -1688
   806    1227   -2048
   807    2047   -1792
   808    1869   -2048
   809    -180   -1938
   810   -2048   -2048
   811    -172   -2048
   812    2047     631
   813    -246    2047
   814     246     386
   815    2047   -2048
   816    1163   -1648
   817    2047   -2048
   818    1401   -2048
   819   -2048    1962
   820     881    -968
   821    1741   -2048
   822   -2048    2047
   823   -1778     805
   824   -1980   -2048
   825   -2048    1871
   826   -1376    2047
   827   -2048    1897
   828    -315    2047
   829    1939   -2048
   830   -2004   -1332
   831   -2048    2047
   832   -1402    1636
   833   -2048    2047
   834    -315   -1695
   835    2047   -2048
   836    -505    2047
   837   -2048    -120
   838    1232    -599
   839    2047    2047
   840     705   -1290
   841   -2048   -2048
   842   -2048    -591
   843    1314    1409
   844    2047    2047
   845    2047    1870
   846    -784    2043
   847   -2048    2047
   848    1190    1573
   849    2047   -2048
   850    1852   -2048
   851    1964    2047
   852    2047   -1104
   853    1773   -2048
   854   -2048    2047
   855     -32    2047
   856    2047    1642
   857   -2048    2047
   858    -121    1720
   859    2047    2047
   860   -2048    2047
   861   -2048   -2048
   862     949   -1496
   863    2047    2047
   864    1868    1416
   865    2047    2047
   866    1799     541
   867    2047   -2048
   868    -664    2047
   869   -2048    1383
   870    1096   -2048
   871    2047     692
   872    2047    2047
   873     166    2047
   874   -2048    1445
   875   -1360   -2048
   876   -2048   -1595
   877   -2048   -1335
   878    2047   -2048
   879    -650   -1589
   880   -2048   -2048
   881   -1787    1534
   882   -2028    1394
   883   -1726   -2048
   884   -2048    1815
   885     766    2047
   886     705   -2048
   887   -2048   -1799
   888   -1886   -1279
   889   -1824   -2048
   890   -1527   -2048
   891   -2048   -1808
   892     449   -2048
   893    2047   -1649
   894   -1264    -992
   895   -2048   -2048
   896   -1871   -1982
   897   -2048   -2048
   898   -2048     575
   899   -2048    2047
   900    1229   -2048
   901    2047   -1988
   902    -368    2047
   903   -2048    1310
   904   -1486    -128
   905     -29    -598
   906   -1715   -1556
   907   -2048     967
   908   -1491    2047
   909   -2048     816
   910   -1916   -2048
   911    -828   -2048
   912   -2048   -1940
   913     602   -2048
   914     126   -1992
   915   -2048   -2048
   916    1544     509
   917    1699    2047
   918   -2048     645
   919   -2048   -1858
   920     636   -2048
   921    2047   -1769
   922   -1088    1028
   923   -2048    2047
   924    1052    1002
   925    1540   -2048
   926   -2048    -320
   927   -1977    2047
   928   -1813     716
   929   -2048   -1869
   930    1718   -2048
   931    2047    -143
   932    1742    2047
   933    2047    1794
   934   -2048    2047
   935      53    2047
   936    2047    1964
   937   -1458    2047
   938    1963    1853
   939     193    2047
   940   -2048    -341
   941   -1635   -2048
   942   -1846     562
   943   -2048    2047
   944    -471    1149
   945    2047    2047
   946    1783      19
   947    2047   -2048
   948   -1199    2047
   949   -1884     510
   950    2034   -2048
   951    2047    1029
   952    1639    2047
   953   -1878     389
   954     369   -2048
   955     744   -2048
   956   -2048   -1933
   957     -64   -2048
   958    2047   -1908
   959   -1579   -2048
   960   -2048   -1841
   961    1004    1928
   962    2047    2047
   963     307   -1656
   964   -2048    1013
   965    -743    1587
   966     336   -2048
   967   -2048    -810
   968    -273    2047
   969    2047    2047
   970   -1280    1657
   971   -2048    2047
   972   -1472    1701
   973   -2048   -2048
   974   -2048    -182
   975    1920    2047
   976    1732    1825
   977   -2048     118
   978   -2048   -2048
   979    -279   -2048
   980    2047    2047
   981    1976    1336
   982    1782   -1503
   983    2047    1178
   984    1507    2047
   985    2047    1128
   986    1452   -2048
   987   -1943     574
   988   -2048    1136
   989   -1990   -2048
   990   -1894     943
   991   -2048    2047
   992   -1435     772
   993    1790    2047
   994    2047    -307
   995    1482   -2048
   996    2047    1528
   997    1562     336
   998   -2048   -2048
   999     217     618
  1000    2047    2047
  1001   -2048    -181
  1002    1916   -2048
  1003     392   -2048
  1004   -2048    1624
  1005    2047    2047
  1006    1833   -2048
  1007     960   -1788
  1008    1875   -2048
  1009    2047    -877
  1010    2047    2047
  1011   -1555    1631
  1012   -2048    2047
  1013   -1700    1774
  1014   -2048   -1984
  1015   -1816   -2048
  1016   -2048      31
  1017   -1834    2047
  1018   -2048    2047
  1019   -2042     253
  1020    2047    1051
  1021    1659    2047
  1022   -1673   -2048
  1023   -2048    -783
