   0      883.6        335
   1      36.45      730.1
   2      77.76      43.86
   3      195.8      580.9
   4     -795.2      518.2
   5     -149.8     -481.8
   6      713.3     -100.6
   7      385.3      302.4
   8      486.8     -210.6
   9      279.2     -146.8
  10      52.73     -153.6
  11      376.2      163.1
  12     -159.7        628
  13       -499     -65.81
  14      142.1     -593.1
  15      425.8      65.67
  16      137.8        451
  17     -312.7      326.2
  18     -365.1      65.81
  19     -117.9     -75.66
  20     -206.3     -88.54
  21     -194.1     -184.2
  22       1.17     -252.3
  23       42.7     -47.05
  24      125.3      62.42
  25      63.93      6.222
  26     -2.567      -4.05
  27      19.77      112.4
  28     -100.1      54.79
  29     -29.92     -77.86
  30      81.18     -59.09
  31     -22.76     -3.826
  32     -10.96     -44.67
  33       21.3     -29.51
  34      32.66     -8.305
  35      71.04      32.68
  36      41.44      37.53
  37      73.93      55.93
  38       75.2      54.55
  39      62.36     -93.93
  40      217.6     -175.1
  41      262.2     -3.288
  42      157.3        116
  43     -11.34      151.8
  44     -150.7      177.5
  45     -184.2      187.8
  46     -172.8     -14.72
  47      47.35       71.4
  48       59.7      615.8
  49     -375.8      441.7
  50     -169.7     -148.8
  51      250.8      39.96
  52     -113.8      155.5
  53     -144.7     -237.9
  54      445.9     -214.3
  55      602.5      343.7
  56      240.9      419.6
  57      45.17       -172
  58      261.9      -48.7
  59     -207.7      853.6
  60       -857      326.2
  61      15.81     -712.6
  62      757.8     -298.2
  63      217.6     -18.44
  64     -83.28      63.37
  65     -405.7      599.3
  66     -785.8      158.6
  67     -581.3     -385.8
  68     -618.9     -397.5
  69     -504.8     -772.5
  70      37.17     -486.1
  71     -215.7        290
  72     -651.4     -44.39
  73     -405.9     -559.3
  74     -37.29     -433.9
  75      278.5     -207.8
  76      360.2     -50.74
  77      216.2      -26.6
  78      162.2      63.92
  79     -81.36      55.67
  80     -7.741     -406.4
  81      388.2     -325.1
  82      41.41      142.2
  83     -258.7     -153.5
  84      214.4     -329.7
  85      199.9      171.2
  86     -258.4        160
  87     -175.3     -210.2
  88     -16.18     -119.4
  89     -78.05      43.99
  90       5.64     -63.71
  91      96.65     -130.8
  92      107.9     -24.72
  93      44.28       76.5
  94     -29.24       29.3
  95     -18.49     -10.71
  96      10.34      1.871
  97     -2.929      31.75
  98     -46.95       42.2
  99     -77.52      -38.3
 100     -50.41     -132.6
 101     -28.89     -70.93
 102     -64.05      48.14
 103     -183.4      120.1
 104     -212.9      5.629
 105       19.7       -150
 106        132     -33.59
 107     -18.04     -78.02
 108      168.4     -233.8
 109      364.2      185.9
 110      48.84        476
 111     -192.5      126.5
 112     -59.08     -295.1
 113      209.3     -421.7
 114      253.7     -294.7
 115      131.2     -362.7
 116      540.8     -409.6
 117      783.5      169.5
 118      152.5      308.9
 119     -140.7       -269
 120      28.77     -187.7
 121      73.28     -51.85
 122      286.5     -199.3
 123      77.71        103
 124     -17.28     -29.64
 125      500.7     -33.93
 126      243.2      198.2
 127      251.2     -289.8
 128      894.9      124.2
 129      180.6      687.5
 130     -169.9     -141.7
 131      400.3      134.8
 132     -313.9      662.3
 133     -556.9     -529.1
 134      414.2     -828.2
 135      582.9     -289.7
 136      279.5     -373.2
 137     -131.6     -138.1
 138     -87.03      -61.4
 139      613.4      354.7
 140     -47.47        961
 141     -966.9     -163.1
 142     -240.5     -866.2
 143      156.2      9.563
 144     -26.71      261.2
 145      24.72      392.6
 146     -402.7      499.4
 147       -485     -51.85
 148       -165      2.567
 149     -481.2      224.6
 150     -479.2     -95.63
 151     -44.15     -6.498
 152     -54.69      144.4
 153     -112.7       27.5
 154     -25.97      11.18
 155      14.83     -66.38
 156       29.3     -25.39
 157     -7.081      62.99
 158     -25.38      15.31
 159     -32.64      29.64
 160      16.59     -2.409
 161     -36.36      23.92
 162     -106.6     -3.598
 163      27.48     -72.66
 164     -90.59      16.87
 165     -219.8     -125.2
 166     -9.461     -258.4
 167      39.59     -149.2
 168      119.4     -196.3
 169      104.6     -44.79
 170     -19.79      167.6
 171      270.6      315.5
 172     -95.76      550.5
 173     -762.9      6.363
 174     -268.6     -395.9
 175     -148.8      171.1
 176     -344.1      57.76
 177      109.4     -12.54
 178     -254.8      256.3
 179     -201.7     -506.6
 180      588.1     -179.6
 181     -324.3      859.1
 182     -914.3      115.8
 183       -174     -41.84
 184     -154.6      454.7
 185      119.1      39.02
 186      269.5      204.2
 187     -299.4      -78.2
 188      405.8     -670.9
 189      859.3      557.1
 190     -207.1       1013
 191     -499.5     -255.6
 192      237.7     -517.4
 193        754     -145.3
 194      620.8     -40.25
 195      250.2      63.96
 196      368.5      87.39
 197        418      320.9
 198      279.2      204.2
 199      136.1       -102
 200     -406.3      -23.4
 201     -350.6     -279.3
 202      353.1     -404.1
 203      428.2       15.5
 204      351.4      173.1
 205      216.5      130.1
 206       22.4      -53.7
 207      497.6     -129.8
 208      567.8      422.1
 209      15.59      620.9
 210     -123.5        335
 211     -389.4      479.8
 212     -592.8      236.8
 213     -189.4     -256.6
 214      141.5     -85.25
 215      215.2      6.682
 216      121.5     -37.04
 217     -157.4      63.93
 218     -131.6     -50.46
 219      43.25     -24.83
 220     -86.58      54.65
 221     -125.2     -136.7
 222      22.74     -125.3
 223      30.27      34.99
 224      3.695     -18.66
 225     -14.69     -18.48
 226      4.273     -34.52
 227      60.16      -96.3
 228      34.26      71.64
 229     -47.61      61.06
 230     -18.94     -209.2
 231      49.87     -249.2
 232     -18.29     -114.3
 233     -91.88     -32.04
 234      156.9     -41.18
 235        519      242.3
 236        142      573.5
 237       -511      129.2
 238     -257.8     -282.8
 239      258.4       62.4
 240      400.4      414.6
 241      299.3      659.3
 242     -139.2      728.1
 243     -436.5      538.7
 244     -481.9      552.7
 245     -643.2      282.5
 246     -190.5       -176
 247      489.1      69.74
 248      118.2      380.8
 249     -425.2      284.8
 250     -363.4     -45.67
 251     -177.8     -402.3
 252     -143.8     -193.9
 253     -340.8     -84.21
 254     -128.3     -216.9
 255     -96.17      270.8
 256     -755.4      145.1
 257     -279.9     -459.4
 258      467.7      60.54
 259     -139.7      204.4
 260     -86.21     -413.9
 261      597.8      33.91
 262      235.8      700.9
 263     -297.3      430.6
 264     -131.8     -151.1
 265      322.9     -347.2
 266      79.42      39.96
 267     -547.9      -23.9
 268      48.68     -443.1
 269      727.8      81.15
 270      265.7      372.3
 271      62.89     -49.32
 272     -28.59     -59.96
 273     -373.7     -183.2
 274       -129     -473.2
 275      60.68     -465.9
 276      133.4     -398.3
 277      334.2     -142.9
 278      94.04      13.51
 279     -7.091     -109.8
 280      128.8     -101.3
 281      43.26     -69.51
 282      146.2     -14.95
 283      134.9      148.5
 284     -73.38       54.4
 285      46.76     -82.65
 286      68.18     -7.286
 287     -58.75      37.29
 288      19.93        7.4
 289      16.76     -35.38
 290      28.27     -32.14
 291      86.29     -20.51
 292      55.04     -60.15
 293      83.99         14
 294      25.35      91.87
 295     -97.23     -56.89
 296      74.57     -261.3
 297      331.4     -97.37
 298        212      294.8
 299     -26.43      338.6
 300      10.33      289.9
 301      9.052      325.1
 302      -45.7      168.1
 303      119.7        119
 304      181.4      156.6
 305     -141.4      35.45
 306     -364.6     -366.7
 307     -48.98     -764.9
 308      337.7       -218
 309      15.76      376.3
 310     -210.1       -208
 311        396       -228
 312      288.9      342.3
 313     -137.7     -146.8
 314      505.1     -4.066
 315        365      737.9
 316     -449.7      27.65
 317      13.78     -463.6
 318      162.4      114.8
 319     -442.2      194.6
 320      207.8       36.8
 321      731.6      293.4
 322       -119      498.7
 323     -507.8      411.8
 324     -322.3      299.2
 325     -322.9      95.18
 326      129.2     -184.6
 327      245.8      198.8
 328     -570.5      610.6
 329     -786.2     -119.9
 330     -257.7     -794.8
 331      57.13     -676.2
 332      252.2     -598.9
 333      288.7     -322.7
 334      158.9     -73.35
 335      47.52     -143.7
 336      -90.6     -39.21
 337      87.26     -13.38
 338      302.7      288.5
 339     -151.6        594
 340     -365.2     -25.05
 341        130     -287.5
 342      184.5      175.9
 343     -118.2      71.62
 344     -26.64     -77.88
 345     -28.68      53.55
 346     -204.8     -107.9
 347     -83.92     -162.7
 348      65.69     -80.39
 349     -12.51      -70.4
 350     -12.49     -5.172
 351      33.12     -12.95
 352      -13.6     -33.55
 353      33.71      24.97
 354      9.751       55.5
 355     -65.47      18.57
 356      6.565       39.1
 357     -43.19      66.47
 358     -55.55     -83.16
 359      51.85     -43.22
 360     -87.12      139.9
 361     -180.6     -29.95
 362      118.3     -292.6
 363      361.9     -186.6
 364      137.2      164.5
 365     -228.7        130
 366     -68.95     -66.17
 367      197.4      119.9
 368      191.8      71.74
 369      393.7      49.58
 370      314.2      593.7
 371     -105.6      680.1
 372     -86.29        317
 373     -35.89      224.1
 374     -38.13     -64.47
 375      239.1       -133
 376      154.3      390.6
 377     -371.2      422.2
 378     -720.5     -82.14
 379     -685.3     -373.7
 380     -368.9     -324.3
 381     -199.3     -181.6
 382     -67.49     -131.1
 383     -67.82        230
 384     -457.1      358.4
 385     -110.2     -333.1
 386      724.3     -257.5
 387      378.3      442.4
 388     -289.3      21.35
 389        163     -404.4
 390      624.1      175.9
 391     -17.99      485.9
 392     -447.2     -79.69
 393     -40.14     -385.2
 394     -327.1      115.1
 395       -811     -99.92
 396      77.23     -766.4
 397      646.8     -250.8
 398      78.31      47.43
 399     -214.7     -250.1
 400     -509.4      119.2
 401     -589.4     -5.526
 402     -183.9     -487.1
 403     -289.6       -386
 404     -132.4     -604.7
 405      455.8     -423.1
 406      258.7      306.1
 407     -187.9      96.72
 408     -112.4     -383.1
 409      136.4     -288.7
 410      210.5     -95.16
 411      136.9      7.798
 412      118.7      20.16
 413      124.7     -21.37
 414      40.74      9.141
 415      29.54      12.79
 416      68.28     -21.58
 417      54.55     -1.292
 418      99.93      25.73
 419      63.58      77.13
 420     -46.25      56.69
 421     -38.11     -54.69
 422      145.2     -47.83
 423       73.8      62.87
 424     -230.8     -44.31
 425     -72.14     -151.1
 426     -128.7      25.21
 427     -404.1     -136.1
 428      32.83     -263.3
 429      185.4      10.82
 430     -16.52     -67.42
 431     -89.77      92.74
 432       -556      243.5
 433     -354.3     -306.6
 434      127.3     -233.2
 435     -368.1     -219.4
 436      31.92       -784
 437      879.6     -108.9
 438      296.3      655.1
 439     -241.5      121.9
 440      -76.7     -580.7
 441      149.6     -697.5
 442     -61.35     -179.6
 443     -588.6     -281.9
 444      274.3     -960.2
 445       1221     -283.6
 446      211.7      342.9
 447     -600.8     -313.2
 448     -518.3     -601.3
 449     -387.3     -806.4
 450      179.4     -902.8
 451      327.8     -486.7
 452      262.5     -583.4
 453      557.9     -346.3
 454      143.6      340.9
 455     -407.3      230.6
 456     -129.4     -155.8
 457      250.1       -237
 458        260      148.6
 459       36.7      385.8
 460      189.3       -195
 461      465.2     -182.4
 462     -21.55      89.34
 463        -65     -349.4
 464      320.6        148
 465     -318.1      535.5
 466     -603.5     -213.9
 467     -149.1     -174.8
 468     -213.7     -53.49
 469     -180.5     -349.3
 470       96.9     -87.46
 471     -44.02     -30.93
 472     -143.6     -145.4
 473      55.82     -44.42
 474      282.8     -74.02
 475      285.8      94.53
 476      10.06      218.6
 477     -110.3      -14.4
 478      6.235     -16.69
 479      23.72      64.97
 480    -0.4666      3.243
 481     -9.706     -54.62
 482       36.2     -120.6
 483      91.41     -41.38
 484     -28.09     -26.37
 485     -46.89     -93.42
 486      118.4      24.83
 487     -76.41      132.1
 488     -250.4     -47.56
 489      114.7     -165.2
 490      72.27      269.4
 491     -306.2      239.4
 492      114.3       -412
 493      380.1     -140.9
 494     -158.4       80.4
 495     -213.5     -243.8
 496     -23.42      394.5
 497     -497.5      516.8
 498       -757     -383.5
 499       -488     -427.7
 500     -267.8     -353.6
 501        136     -447.8
 502      380.3      128.3
 503     -234.7        115
 504     -534.7     -643.6
 505      344.6     -813.9
 506       1101     -470.8
 507      980.2     -34.29
 508      565.7      188.7
 509      191.3      144.2
 510     -8.107      83.04
 511     -61.49     -209.2
 512     -16.82     -218.5
 513     -7.625      419.1
 514     -550.7      607.3
 515     -704.1     -111.2
 516      321.4       -439
 517        471        251
 518     -427.7      251.9
 519     -201.6     -544.6
 520      353.1     -247.4
 521      163.7      54.62
 522      337.2     -473.2
 523      578.5     -52.78
 524      190.4      593.1
 525     -136.3      182.2
 526      113.9     -33.96
 527      354.2      109.3
 528     -2.431       -135
 529     -72.86     -151.6
 530      162.2      189.9
 531     -28.78      128.2
 532      93.29      -61.4
 533      154.4      48.51
 534       -142     -22.59
 535      108.6     -148.3
 536        164      97.74
 537     -188.3      188.3
 538     -115.2      31.67
 539     -98.46      74.78
 540       -201      7.609
 541     -46.55     -131.4
 542      40.13     -9.039
 543     -3.403      36.07
 544     -15.21     -34.32
 545      17.46     -11.95
 546     -15.84     -3.433
 547     -66.16     -36.88
 548      69.02     -3.946
 549      75.47      44.99
 550     -74.24      1.733
 551     -113.9       -157
 552     -30.86     -247.1
 553      268.6       -140
 554      378.5      11.98
 555      225.3      120.8
 556      278.9      259.5
 557      28.71      254.9
 558     -74.05      -29.2
 559      164.3     -31.38
 560       -292      79.26
 561     -430.4     -71.96
 562     -364.7       13.2
 563     -649.8     -286.3
 564      334.2     -646.7
 565      828.5      56.34
 566     -159.8      176.5
 567      30.21     -460.6
 568      49.97       -209
 569     -538.4     -211.1
 570      186.5     -315.7
 571     -80.11      264.9
 572     -724.3     -298.9
 573      331.7     -789.8
 574      375.3      377.3
 575     -533.4      525.2
 576     -500.4     -556.2
 577       -179     -537.9
 578      203.5        106
 579      176.7      134.2
 580     -45.12     -110.7
 581      97.29     -67.94
 582     -92.91      108.9
 583      103.6      396.4
 584      216.4      692.6
 585     -690.3      311.4
 586     -711.6     -128.1
 587     -326.4     -138.1
 588       -392     -477.7
 589      119.5     -412.5
 590      107.3      80.83
 591     -65.94     -40.68
 592      437.6       38.7
 593      217.8      193.7
 594        161     -68.09
 595      384.9      271.4
 596       -412      428.1
 597     -477.9     -224.9
 598        200     -150.8
 599     -48.46      266.3
 600     -121.1      76.86
 601      111.8      31.87
 602      12.38      83.67
 603      69.56     -28.07
 604      18.68      55.98
 605     -77.03      72.17
 606      19.02     -51.12
 607     -9.484     -24.96
 608     -1.684     -12.18
 609      13.66     -69.72
 610      43.47     -12.96
 611      101.4      28.46
 612     -27.56      25.84
 613     -91.29       25.3
 614      29.91     -18.71
 615      109.7      140.6
 616      4.466      225.5
 617       -115      27.59
 618     -146.9      132.5
 619     -246.6      42.45
 620     -55.27     -338.5
 621      142.5     -59.88
 622     -196.7      118.6
 623     -99.37     -131.9
 624      418.7      171.8
 625      5.986      275.6
 626     -402.6     -82.17
 627     -137.3      48.94
 628       -288      12.11
 629     -112.6     -366.8
 630        333     -119.7
 631       -324      245.5
 632     -697.9     -257.8
 633        142       -915
 634      638.9     -669.2
 635      519.3     -283.5
 636      493.4     -130.5
 637      207.6      241.1
 638     -127.1      141.4
 639     -141.4     -50.36
 640       -186        319
 641     -6.303        489
 642     -145.5      729.5
 643     -707.6      312.1
 644      -53.6     -893.6
 645      587.2     -290.5
 646     -316.2      457.1
 647     -473.9     -448.8
 648      186.4     -101.4
 649     -249.8      377.9
 650     -360.9     -463.8
 651      270.7      -42.9
 652     0.8825      465.8
 653     -227.7     -224.3
 654      397.8     -117.1
 655      320.8      244.3
 656     -409.4     -23.48
 657     -140.7     -240.8
 658      608.4     -194.4
 659      361.9        188
 660     -192.9      245.3
 661     -158.8     -50.25
 662      22.92      48.12
 663      202.8        110
 664      235.7      206.7
 665     -59.45      488.7
 666     -208.2      373.9
 667       -218      138.2
 668     -224.5      21.11
 669     -106.1     -62.23
 670     -27.76     -12.39
 671     -24.02     -1.858
 672     0.2344     -6.133
 673      53.29      28.48
 674      37.77      101.1
 675     -62.23      84.28
 676     0.8741     -131.6
 677      41.38     -21.07
 678     -170.2      112.8
 679      -98.9     -98.54
 680      87.21      164.7
 681     -265.3      403.7
 682     -405.4      52.29
 683     -114.1      65.98
 684     -105.8      159.5
 685     -74.44     -187.3
 686      254.1     -159.7
 687        305      197.3
 688     -214.8      91.13
 689     -268.3     -494.7
 690      497.4     -520.1
 691      340.4      226.5
 692     -507.5      253.2
 693     -212.9     -323.7
 694      396.7      12.41
 695      16.27        492
 696     -348.5      170.6
 697     -109.4      283.1
 698     -254.4      787.7
 699     -720.9      80.01
 700     -391.3     -873.7
 701        156     -345.5
 702     -268.4      249.4
 703     -416.4      190.9
 704     -13.09      494.4
 705     -476.9      138.5
 706     -675.3     -531.1
 707     -229.2     -366.8
 708     -2.302     -513.1
 709      525.2     -420.7
 710        514      300.7
 711     -344.7     -1.517
 712       -247     -638.8
 713      553.5     -616.7
 714      794.1     -443.1
 715      698.4         25
 716        315      307.1
 717     -49.59      87.77
 718      74.94      59.21
 719     -3.168       60.4
 720     -167.1      193.4
 721     -25.09      462.5
 722     -71.39      254.4
 723     -74.72     -77.67
 724        124     -78.11
 725      33.04      119.8
 726     -88.77      52.78
 727        192     -243.4
 728      383.4      112.5
 729      100.3      390.8
 730     -5.808      41.52
 731      75.79      172.2
 732     -114.5      264.3
 733     -143.2     -64.58
 734       63.7     -30.62
 735      77.83         25
 736     -2.056         17
 737      10.68      51.88
 738   -0.04686      27.55
 739     -96.62      20.91
 740     -36.66     -240.8
 741      180.6     -179.6
 742      1.996      244.7
 743     -307.3     -7.844
 744     -40.34     -143.5
 745      151.9      42.16
 746      157.1     -198.7
 747      377.6      84.88
 748      51.15      398.9
 749     -213.6     -168.3
 750      346.5     -192.6
 751      235.1        311
 752     -442.6      420.4
 753     -218.4      119.2
 754      247.9       -263
 755      116.8     -63.43
 756     -23.64      93.47
 757      94.54      48.96
 758      154.1      51.18
 759      462.5     -404.9
 760      847.1        146
 761      352.1       1227
 762     -221.4      744.5
 763     -240.6      393.3
 764     -538.4      405.1
 765     -401.4     -414.7
 766        223       -349
 767      21.23     -169.1
 768       -176     -775.3
 769     -6.635     -517.4
 770     -86.58     -544.2
 771      532.4     -538.2
 772      833.7      772.2
 773     -210.2      616.8
 774       -128     -400.9
 775      490.2     -38.21
 776     -40.93     -183.9
 777      158.4     -475.5
 778      382.4      204.6
 779     -249.2      16.54
 780      146.4     -327.1
 781      291.9        284
 782     -520.6      248.4
 783     -215.6     -237.1
 784      251.6     -49.94
 785     -188.5      229.4
 786     -306.2      250.6
 787     -210.2      62.34
 788     -156.7     -168.6
 789      17.39     -117.7
 790     -77.14      34.58
 791     -175.7      140.4
 792       -171      133.1
 793       -118     -105.9
 794      100.4     -127.9
 795      49.12       78.7
 796     -95.63      4.743
 797     -2.433     -81.77
 798      49.38      54.09
 799      10.46      49.23
 800     -30.49     -9.953
 801     -27.57     -16.05
 802    -0.7724     -31.13
 803      42.73      4.091
 804      112.7      103.1
 805     -23.27      134.9
 806     -161.4      29.61
 807     -63.19     -17.41
 808       12.5     -63.97
 809        140     -109.1
 810      157.5      121.5
 811     -17.23      58.41
 812      137.3     -92.34
 813      10.36      254.1
 814     -286.2        116
 815      13.42      11.79
 816     -228.9      491.6
 817     -598.4      145.3
 818     -207.7      45.28
 819     -438.3        263
 820     -504.8     -614.8
 821      258.3     -517.2
 822      93.35      403.5
 823     -388.4      406.6
 824     -390.6        610
 825     -282.9      433.7
 826      230.3      125.7
 827     -216.8      607.2
 828      -1066     -153.1
 829     -16.27     -795.9
 830      828.9      532.9
 831      24.24      973.4
 832     -446.7      390.5
 833     -381.9       51.9
 834     -182.2     -436.4
 835      17.67       -348
 836     -16.86     -327.5
 837      477.8       -487
 838      802.9       13.8
 839      324.5     -100.9
 840      136.8     -217.9
 841      90.65      147.2
 842      81.19     -175.1
 843      128.2     -66.71
 844     -232.3      141.9
 845     -35.25     -309.2
 846      301.8     -72.82
 847     -20.35     -114.8
 848      272.4       -372
 849        462      156.7
 850      36.39     -40.39
 851      329.9     -222.2
 852      398.8      486.4
 853       -167      264.2
 854     -51.73     -309.2
 855      296.4     -211.2
 856      243.5     -148.2
 857      134.4     -49.82
 858       36.8      15.25
 859      44.98     -32.75
 860      83.35      78.09
 861     -6.478      41.41
 862     -20.58     -41.99
 863     -14.34     -31.95
 864      -28.9     -14.03
 865      1.501     -27.68
 866      42.24     -53.15
 867     0.6832      3.782
 868     -89.93     -79.51
 869      107.3       -151
 870      205.4      74.22
 871      9.738       36.5
 872      149.5     -22.05
 873      190.2      133.5
 874      58.79     -62.39
 875      176.1         64
 876     -133.2      285.4
 877     -242.7     -251.4
 878      334.1     -311.2
 879      291.5      88.21
 880      11.88      174.5
 881     -6.295      53.84
 882       -146     -344.9
 883      131.6     -227.3
 884      193.9      221.4
 885     -91.05     -108.7
 886      164.2     -483.8
 887      250.3     -506.6
 888      424.9     -198.2
 889      608.9        431
 890     -13.55      361.1
 891     -153.9      212.4
 892     -222.5      360.1
 893     -561.3       -322
 894     -55.89     -479.4
 895     -266.9     -186.6
 896       -657     -707.1
 897     -2.796     -562.6
 898     -159.8     -379.3
 899      319.6     -813.8
 900       1406      120.6
 901      159.3      693.2
 902     -576.3     -420.5
 903      140.5     -690.3
 904     -258.3     -327.5
 905     -109.8     -203.4
 906      147.8      296.3
 907     -521.2     -13.91
 908        135     -565.2
 909      506.9      220.2
 910     -612.3      590.6
 911     -634.8     -387.9
 912      53.04     -583.7
 913      138.5      155.6
 914      129.1      198.8
 915      257.7     -4.376
 916      285.2        346
 917       -117      308.6
 918     -158.3      41.37
 919      209.3      227.8
 920     -91.09       94.1
 921       -229     -233.7
 922      71.54     -77.66
 923     -7.235      3.507
 924      52.75     -37.34
 925      123.7      49.79
 926      -63.8      75.41
 927      17.27      7.614
 928       7.98     -32.54
 929     -33.02     -32.58
 930      24.52      -66.4
 931      31.86     -127.1
 932        229      35.36
 933      121.8      119.1
 934     -84.95     -91.34
 935      77.97     -281.3
 936      106.4     -108.2
 937      145.1      252.6
 938       24.2      319.9
 939     -331.9      49.56
 940     -152.1     -180.7
 941       35.5     -116.1
 942     -253.3      43.27
 943     -375.7     -310.2
 944     -239.6       -479
 945       -100     -80.23
 946       66.4     -221.8
 947        636     -132.6
 948      654.7      794.8
 949     -314.6        411
 950     -71.67       -381
 951        520      102.7
 952     -305.6       47.7
 953     -160.9     -290.6
 954      205.7      272.5
 955     -628.5      63.68
 956     -99.98     -325.1
 957      388.2        350
 958     -515.9      443.2
 959     -146.2     -378.7
 960      388.4     -343.7
 961       -212      462.1
 962     -421.1      485.6
 963     -200.2     -226.5
 964        -11     -254.3
 965     -85.79     -60.37
 966       -320      22.49
 967     -442.1      285.5
 968     -779.3     -373.3
 969     -340.6      -1094
 970      398.8     -390.7
 971      221.3     -175.5
 972      486.6     -204.4
 973      596.8      660.3
 974     -277.1      778.8
 975     -174.2      202.6
 976      286.1      224.3
 977      246.9      308.8
 978      179.4      417.6
 979     -266.2      116.6
 980     -254.7     -352.5
 981      336.7      50.57
 982      25.27      455.5
 983      7.085      80.48
 984      106.1        110
 985     -12.16     -78.43
 986      138.6     -18.96
 987     -31.84      247.8
 988      -28.4      -51.4
 989     -5.399      56.85
 990    -0.9438      123.2
 991     -47.23      26.06
 992       -9.6     -27.17
 993      10.72     -39.04
 994      6.866     -30.01
 995        117      18.53
 996      107.8      219.1
 997     -174.4       67.8
 998     -46.21     -274.7
 999      103.6     -230.4
1000      135.1     -301.6
1001      174.1      -71.2
1002     -116.7        205
1003      42.99     -160.8
1004      393.5      273.3
1005     -467.1      534.2
1006     -831.8     -413.9
1007     -59.07     -482.4
1008      113.7         67
1009     -113.1      268.5
1010     -161.2      496.5
1011     -89.06      121.5
1012      75.53      199.5
1013     -441.3      526.8
1014     -687.5      220.1
1015       -242      267.6
1016     -144.8      28.22
1017      105.3     -398.5
1018      291.3      312.9
1019      17.33      131.6
1020      168.8      56.78
1021       -124      534.6
1022     -437.2      385.3
1023      348.1     -68.98
