   0      388.7      718.2
   1      126.1      748.4
   2        172     -353.5
   3     -44.85      243.3
   4     -740.8      450.6
   5     -36.95     -595.3
   6      699.2      326.4
   7      470.1        544
   8      622.9     -181.4
   9      594.2     -307.3
  10     -37.05     -524.8
  11     -97.16      74.71
  12     -285.2      610.9
  13     -439.7     -222.1
  14        285     -352.8
  15      459.6      118.3
  16     -298.4      339.6
  17     -326.1      356.2
  18     -60.19     -182.9
  19     -248.1     -226.8
  20     -148.2      172.2
  21      106.4     -260.9
  22     -101.9     -320.8
  23     -97.35      208.7
  24      145.8      224.2
  25      115.5     -23.29
  26      41.96     -63.44
  27     -36.21      69.71
  28     -149.4      86.08
  29      24.75     -64.94
  30        100     -44.68
  31     -9.189      5.073
  32     -13.73     -13.24
  33      22.78     -4.936
  34      31.56     -8.183
  35      35.83      36.84
  36      61.72      83.79
  37      76.61      45.48
  38      6.099      82.72
  39      145.5      7.511
  40      340.1     -129.4
  41      214.8     -20.04
  42       23.9      148.9
  43     -25.23      46.06
  44     -202.9     -111.5
  45     -362.9      133.2
  46     -82.29      210.1
  47      159.1     -55.95
  48     -373.6      434.3
  49     -461.8      695.1
  50      330.6     -143.2
  51      272.9     -128.4
  52     -137.6      385.6
  53      233.9     -281.6
  54      259.9     -365.8
  55      199.6      705.7
  56      445.7      569.5
  57        206     -481.4
  58      89.01     -194.9
  59     -335.1      501.3
  60      -1051     -30.55
  61      100.1     -180.3
  62       1237        256
  63      256.6       -292
  64     -473.8     -328.3
  65     -559.5        336
  66     -762.8     -62.29
  67     -385.8     -417.1
  68     -278.7     -388.4
  69     -364.2     -741.5
  70     -36.28     -344.1
  71     -426.2      294.5
  72     -747.3     -15.48
  73      -60.3     -367.3
  74      142.6       -333
  75      23.97      92.29
  76      379.8      431.4
  77      417.3     -113.2
  78     -24.94     -228.7
  79     -137.7      213.8
  80        366     -292.6
  81      441.3     -537.5
  82     -256.2      90.94
  83     -252.2     -133.1
  84      234.6       -431
  85     -60.37      241.6
  86     -296.9      262.4
  87     -19.62     -361.5
  88     -78.94     -176.3
  89     -125.5      220.3
  90      103.8      28.04
  91      135.8       -114
  92       79.9      14.22
  93      35.07      23.13
  94     -43.59     -24.86
  95     -12.23     -2.818
  96       8.46      3.105
  97     -37.41     -12.91
  98      -71.1     -11.53
  99     -43.27     -42.48
 100       24.7     -98.44
 101     -27.85     -92.65
 102     -159.9     -15.73
 103     -239.4      38.06
 104     -217.5      24.01
 105      105.6      24.25
 106      231.1      53.52
 107      -14.2     -68.18
 108      193.3     -140.1
 109      286.4      152.1
 110     -258.6      402.4
 111     -180.2      193.7
 112      362.8       -308
 113      364.9     -432.2
 114        308     -90.46
 115      341.7     -299.9
 116      327.7     -433.4
 117      384.9      432.9
 118        190      388.7
 119      99.69     -614.8
 120     -71.25     -411.1
 121     -221.2      169.5
 122      396.5      53.72
 123      184.8     -164.8
 124     -440.4     -50.28
 125      446.5      531.6
 126      626.3      232.2
 127      5.504     -475.5
 128      616.2      541.4
 129      465.6      666.6
 130     -278.3       -680
 131        107      144.5
 132     -130.7      608.7
 133     -330.4     -818.8
 134      522.6     -500.8
 135      702.5      122.3
 136      338.1     -541.7
 137       -217     -533.3
 138     -538.4     -103.7
 139      82.59      656.5
 140     -97.16       1013
 141     -562.2       -431
 142      145.4      -1015
 143      31.26      110.6
 144     -397.9      451.1
 145     -54.12      314.4
 146     -442.6      289.7
 147     -433.1      3.294
 148      115.8       16.8
 149     -446.3     -1.551
 150     -606.7     -106.9
 151       36.1      215.2
 152      57.71      242.2
 153        -51      52.17
 154      46.89      60.79
 155      79.72     -27.69
 156      109.1     -66.55
 157     -8.116     -40.83
 158      -99.8      3.457
 159      -15.2       23.6
 160      16.44     -11.84
 161      -6.74      1.675
 162      -77.5     -70.51
 163     -37.56      16.12
 164      33.47      85.02
 165     -103.8     -296.7
 166     -73.89     -243.4
 167        105      83.09
 168      176.4     -150.9
 169      42.66     -102.5
 170     -246.4      108.4
 171     -56.18      363.6
 172      3.495      602.5
 173     -475.7       -356
 174     -333.5     -631.2
 175     -201.4      365.6
 176     -377.9      104.6
 177      24.14      47.52
 178     -80.52      427.5
 179     -28.49     -427.9
 180      613.2     -126.5
 181     -466.7      531.2
 182      -1207     -228.9
 183     -122.3      99.99
 184     -165.4        593
 185     -130.9      384.6
 186      718.5        579
 187      238.4     -327.5
 188      215.1     -648.6
 189      629.7      791.1
 190     -408.4      639.5
 191     -422.5     -387.4
 192      683.9     -288.2
 193      604.5      81.53
 194      506.1      357.5
 195      592.9     -171.7
 196     -28.54     -374.9
 197     -90.58      696.6
 198      538.8      456.2
 199      418.9     -554.4
 200       -432     -479.5
 201       -532     -288.5
 202      313.5    -0.1163
 203      439.1      186.1
 204     -30.88      163.6
 205      231.3      408.6
 206      393.2     -106.1
 207      167.7     -245.8
 208      267.7      714.4
 209      80.37        411
 210     -360.9     -112.7
 211     -444.4        414
 212     -393.3      92.81
 213     -136.7       -259
 214      233.4      216.5
 215      296.7      136.9
 216      174.2     -94.05
 217     -85.49     -121.2
 218     -212.8     -176.6
 219      38.93      72.79
 220      11.52      51.58
 221     -157.9     -197.5
 222      3.613     -40.61
 223      25.86      56.75
 224     -13.86     -21.09
 225      42.11     -3.389
 226     -11.19     -27.52
 227      73.05     -33.36
 228      65.14     -26.45
 229     -149.4     -32.89
 230      54.33     -42.93
 231      264.7     -242.7
 232     -107.4     -323.6
 233       -315     -2.563
 234      64.09      212.2
 235      361.8      388.1
 236      30.21        596
 237     -260.7     -35.54
 238     -80.53     -598.6
 239     -38.84      229.5
 240      167.2      903.8
 241      303.9      576.8
 242     -336.1      420.3
 243     -484.5      419.4
 244     -273.4      278.1
 245     -609.4        188
 246     -103.9      156.4
 247        706      366.8
 248        271      265.1
 249     -398.1     -169.9
 250     -395.7     -119.7
 251      180.4       -214
 252      102.2     -593.9
 253     -806.5     -283.8
 254     -283.5      219.9
 255      192.1      114.9
 256      -1028     -247.2
 257     -489.5     -29.06
 258      842.8      503.2
 259     -65.53      111.9
 260     -212.2     -264.4
 261      752.1      286.1
 262      50.17      446.9
 263     -588.8      289.8
 264      201.2      58.89
 265      669.7     -360.1
 266      81.54     -151.7
 267     -501.9     -276.4
 268     -59.04     -481.5
 269        445      563.2
 270      275.3      630.9
 271      192.2     -354.9
 272      21.88     -246.9
 273     -153.5     -278.3
 274      -32.8       -640
 275      20.52       -316
 276        151     -242.5
 277      149.6     -150.6
 278     -47.08      137.1
 279      48.79     -109.8
 280       46.3     -116.9
 281     -14.37      31.64
 282        148     -67.22
 283     -17.99      131.6
 284     -101.7      133.9
 285      122.8     -131.4
 286      30.07     -67.33
 287      -59.2      29.35
 288       7.23     -13.75
 289     -12.24     -18.88
 290      18.11     -13.94
 291      81.04    -0.4924
 292      93.38     -62.18
 293      42.83     -48.19
 294     -53.02      94.67
 295     -35.84     -44.04
 296      153.7     -232.4
 297        303     -1.584
 298      68.66      270.7
 299     -219.4      251.8
 300     -102.2        269
 301      23.25      356.1
 302      46.96      160.2
 303      101.9      110.6
 304      194.8      325.3
 305        234     -123.9
 306     -162.4     -773.6
 307     -47.74     -569.5
 308      449.9     -147.3
 309     -421.7       89.2
 310     -525.3      189.2
 311      827.5     -9.767
 312      147.2      102.4
 313     -399.8      214.1
 314      772.7       8.36
 315      12.85      423.6
 316     -469.2      326.4
 317      744.2     -693.2
 318     -109.1     -388.8
 319     -964.3      414.2
 320      232.4      239.6
 321      617.5      499.6
 322      1.987      497.6
 323     -533.3     -237.3
 324     -688.4      258.6
 325      13.77      571.3
 326      504.1       -265
 327      38.69      46.79
 328     -625.9      439.5
 329     -600.9     -392.8
 330        154     -625.6
 331      472.4     -502.7
 332      197.3       -577
 333      76.29     -151.7
 334       62.4     -27.32
 335      15.54     -236.3
 336     -213.7     -140.4
 337       -246      132.3
 338      101.6      537.4
 339     -179.9      445.1
 340     -348.5     -54.09
 341      449.3     -49.16
 342      337.3       59.6
 343     -316.7     -66.77
 344      62.96     -91.66
 345      79.44       -115
 346     -291.7     -117.8
 347     -9.791     -90.61
 348      30.92      -88.4
 349     -114.9      22.32
 350       48.8      43.68
 351      41.55     -27.05
 352     -16.95     -10.88
 353      25.99      8.389
 354     -17.27      26.01
 355     -39.36     -28.66
 356     -63.06     -5.801
 357     -94.49      149.6
 358      68.89     -26.53
 359      111.3     -174.2
 360     -174.1      57.92
 361     -150.8      61.29
 362      230.5     -136.2
 363      387.5     -58.83
 364        128      63.49
 365     -292.6     -100.4
 366     -211.2     -54.47
 367      185.6        319
 368      223.8      196.7
 369      303.3      93.78
 370      213.9        507
 371     -290.9      468.4
 372     -141.2      285.1
 373      259.1      227.4
 374      125.4     -161.1
 375      237.3     -78.02
 376      140.3      230.1
 377     -541.7      30.97
 378     -566.8     -246.4
 379     -277.4     -616.2
 380     -517.1     -458.5
 381     -446.5      263.5
 382      118.4      133.3
 383       -110        -62
 384     -784.2      446.6
 385        166      295.1
 386       1166     -122.9
 387      108.3      236.6
 388     -252.3      131.8
 389      559.2     -591.8
 390      162.7      -5.09
 391     -262.3      785.7
 392      15.14     -381.3
 393     -165.5     -852.5
 394     -430.2      266.9
 395     -577.4     -264.6
 396       -207     -668.3
 397      718.2        535
 398      514.7     -9.591
 399     -413.6       -870
 400     -768.4     -8.112
 401     -600.8      58.87
 402      -78.4     -373.2
 403     -14.16     -276.2
 404     -126.7     -488.9
 405      297.5     -139.2
 406      141.9      394.9
 407     -311.5      16.61
 408      81.76     -293.4
 409        327     -261.3
 410      35.97     -73.92
 411      6.873      138.5
 412      126.3     -21.45
 413      114.6     -68.67
 414      20.01      41.24
 415     -14.47     -29.54
 416      11.14     -15.22
 417      35.48      54.37
 418      96.27      33.96
 419      25.65      37.99
 420     -80.17      49.38
 421     -27.62     -60.59
 422      98.35     -23.38
 423      129.3      179.3
 424     -79.27     -188.9
 425     -229.2       -331
 426       -144      164.6
 427     -139.2     -257.9
 428     -177.6     -387.7
 429      18.91      461.7
 430      261.3      24.35
 431       -195     -425.3
 432     -858.4      176.7
 433     -151.6      4.481
 434      461.2     -219.6
 435       -301     -247.8
 436      33.93       -508
 437      819.4      143.4
 438     -19.19      620.3
 439     -299.5      125.4
 440      479.3     -487.2
 441      478.9     -934.6
 442       -253     -490.9
 443     -687.6     -259.3
 444      189.6     -617.2
 445       1033      244.6
 446      281.8      362.6
 447       -456     -930.5
 448     -518.4     -847.4
 449     -267.7       -484
 450      278.4     -732.6
 451      147.7     -299.2
 452      139.7     -153.9
 453      562.7     -283.6
 454     -199.1      103.8
 455     -699.5      185.4
 456     -18.12     -7.628
 457      329.2     -19.96
 458      206.5      154.5
 459     -200.4      340.8
 460      230.7      122.7
 461      974.3       -202
 462     -65.79     -335.2
 463     -372.3       -265
 464      403.2      91.79
 465     -561.3      136.9
 466     -753.6     -131.1
 467      209.4     -113.9
 468     -267.4     -122.5
 469     -286.8     -88.05
 470      334.7      9.032
 471     -60.97     -137.9
 472     -221.4     -57.05
 473      96.48      94.08
 474      228.1      77.99
 475      300.3      209.7
 476      67.29      83.96
 477     -138.5       -152
 478     -5.187     -3.964
 479      32.25      60.62
 480     -11.62     -27.69
 481      33.44     -33.97
 482      97.82     -102.4
 483      65.83     -42.17
 484     -12.78      3.015
 485     -10.96     -182.4
 486     -22.35      9.629
 487     -75.81      248.1
 488     -184.6     -169.4
 489     -46.65     -119.9
 490      124.1      391.3
 491     -310.1      67.06
 492      30.78     -109.8
 493      868.1      85.86
 494     -69.87     -461.4
 495     -676.6     -404.6
 496     -97.65      443.8
 497     -629.7      271.4
 498       -609       -343
 499      42.24     -572.4
 500     -439.1     -429.6
 501      -18.6      186.4
 502      647.4      286.1
 503     -268.5     -200.9
 504     -305.7     -556.1
 505      671.9     -561.6
 506      849.6      85.46
 507      864.7      425.5
 508      570.8     -105.4
 509     -68.98     -256.7
 510     -89.74      47.46
 511      164.5     -209.3
 512     -37.86     -577.6
 513       -657      142.7
 514     -776.8      771.6
 515     -287.9     -188.1
 516      150.2     -252.6
 517      464.3      888.4
 518      91.85     -73.11
 519     -303.9       -928
 520      318.3      239.5
 521        408      93.73
 522      70.32     -504.6
 523      494.4        238
 524      139.8      302.3
 525     -510.5       34.3
 526      181.1      274.9
 527        560      112.2
 528      69.22     -298.6
 529     -64.79     -370.8
 530     -146.3      112.8
 531     -113.4      337.8
 532      205.1     -57.02
 533      94.06     -22.59
 534     -86.56      21.46
 535      98.52     -188.6
 536      40.35        102
 537     -230.7      122.1
 538     -162.1     -91.51
 539        -64      134.6
 540     -109.6      16.81
 541     -16.04     -153.6
 542       27.7      56.54
 543     -12.14      42.07
 544      10.92     -29.21
 545      1.692       16.6
 546  -0.000147      22.37
 547      15.19     -74.76
 548     -33.82     -47.27
 549      47.54      174.5
 550      105.2      -29.2
 551     -90.02     -290.6
 552     -25.65     -164.2
 553        271     -20.05
 554      271.7      166.4
 555      168.9      149.8
 556        112        178
 557      2.062      308.4
 558      95.84     -136.5
 559      150.7     -149.6
 560     -196.5       2.77
 561     -449.2     -502.3
 562     -567.9     -112.5
 563     -442.1    -0.4134
 564      339.2     -460.8
 565      664.7        547
 566      137.2      236.5
 567      54.18     -932.3
 568      117.4       -140
 569     -345.3       -466
 570       -424     -589.7
 571     -233.8      772.4
 572     -255.4     -385.5
 573       63.2     -879.1
 574      149.7      894.3
 575       -434      319.4
 576     -401.3     -774.6
 577      205.2     -398.7
 578     -108.3     -4.307
 579       -331      630.6
 580        524      186.4
 581      275.8     -676.1
 582     -679.9      94.54
 583     -100.4      766.3
 584        221        621
 585     -537.2      26.57
 586     -531.4       -525
 587     -269.5      -63.6
 588     -43.78     -149.7
 589      253.9     -515.4
 590     -207.7      165.2
 591     -123.1      200.9
 592      442.3      86.68
 593      150.5      399.7
 594      213.1     -27.82
 595      299.8         73
 596     -403.7      233.8
 597     -368.1     -454.5
 598      119.5     -102.2
 599     -93.15      378.7
 600     -198.1     -8.646
 601      86.79      136.4
 602        190      172.8
 603      99.93       -121
 604    -0.9744      40.92
 605     -42.19      43.37
 606     -9.767     -79.48
 607      18.05      16.52
 608     -14.96      3.013
 609      24.44     -40.08
 610       21.7     -35.12
 611      3.617       48.1
 612      66.73      63.41
 613       -103     -84.33
 614     -121.7      53.98
 615      91.89      226.5
 616     -64.71      161.4
 617     -63.87      92.72
 618      1.794     -28.31
 619     -336.9     -25.05
 620      97.95     -79.26
 621        406     -238.1
 622     -476.8     -67.89
 623       -259      145.3
 624      477.2      298.1
 625     -20.73      277.9
 626     -165.6     -261.4
 627     -177.1     -290.4
 628     -455.3      236.9
 629      187.8     -123.8
 630      385.7     -364.1
 631     -461.3      118.8
 632     -567.7     -292.2
 633      327.9     -661.2
 634      873.8     -236.3
 635      484.3     -290.4
 636      138.9     -176.7
 637      55.05        215
 638     -234.2     -62.68
 639     -249.2     -185.4
 640     -432.4      196.1
 641     -507.1      698.6
 642     -23.37      946.1
 643     -353.9      95.02
 644      152.5     -599.8
 645       1220     -113.4
 646     -388.3       -184
 647     -966.8     -434.1
 648        527      62.99
 649     -377.7      18.33
 650     -709.3     -152.9
 651      641.1      190.1
 652     -203.7      256.3
 653     -413.5        167
 654      907.6      65.56
 655      329.8     -19.16
 656     -414.9     -116.3
 657     -20.83     -389.8
 658      300.3      65.15
 659      467.6      502.7
 660      -46.6       -272
 661     -528.3     -299.3
 662      -8.26      436.7
 663      322.1      170.6
 664      24.91      94.06
 665     -203.7      476.4
 666     -192.4      271.2
 667     -125.7      53.55
 668     -47.43     -15.63
 669       33.7     -111.4
 670      6.478     -22.83
 671     -7.523      35.86
 672      10.81     -9.417
 673      4.765     0.8499
 674      33.16       98.5
 675        -36         80
 676      60.45      -82.5
 677      151.9     -87.16
 678     -251.4     -44.67
 679     -230.6     -14.45
 680      113.8      201.1
 681     -328.1      244.3
 682       -456      21.17
 683     -14.81      65.15
 684      -94.8      227.5
 685      84.43      40.03
 686      409.6     -149.8
 687      114.5      166.9
 688     -4.344      145.5
 689      91.03     -716.1
 690      229.3       -467
 691      303.8      493.6
 692       -408     -242.5
 693     -698.2     -520.2
 694      306.5      693.3
 695      316.2      405.9
 696     -707.4     -262.7
 697     -351.7      520.4
 698      6.175      677.2
 699     -660.1     -64.44
 700      88.06     -467.7
 701      657.4     -551.3
 702     -821.1     -152.6
 703     -858.4      459.8
 704      136.7      610.1
 705     -306.6        147
 706     -271.8     -579.4
 707     -81.52     -548.1
 708     -137.6     -62.74
 709      752.8     -64.45
 710      404.7      35.15
 711     -536.2     -24.86
 712      168.3     -660.1
 713      573.6     -561.9
 714      602.5      82.54
 715      778.5      14.22
 716     -59.57     -145.7
 717     -360.9      78.49
 718      221.1      66.14
 719     -23.97     -146.1
 720     -500.7      29.53
 721     -401.8      600.7
 722      93.08      571.9
 723      345.8     -160.7
 724      89.65     -187.1
 725      52.12      255.1
 726      42.68     -47.96
 727      121.6     -222.4
 728      395.7        246
 729     -3.141      282.2
 730     -149.7      43.02
 731        179      113.6
 732     -126.9      81.94
 733     -158.9     -32.91
 734      161.7      14.49
 735      45.13     -1.192
 736     -29.22     -26.71
 737       4.48      37.76
 738      18.12      30.46
 739     -62.64     -17.89
 740     -21.04       -124
 741      299.9     -164.1
 742     -103.9       42.7
 743     -427.2      61.47
 744      129.3     -122.6
 745      13.99      65.44
 746      136.6      185.6
 747      586.2      16.95
 748     -199.1      171.2
 749     -171.2      73.21
 750      583.7     -267.2
 751     -1.584      120.8
 752     -578.8      270.7
 753     -373.7      36.62
 754        352      298.7
 755      708.9     -77.48
 756     -247.2     -476.2
 757     -317.7      380.6
 758      568.6      391.8
 759      566.6     -453.2
 760      476.7      173.1
 761     -55.21       1043
 762     -462.7      657.8
 763      64.33      178.3
 764     -339.7     -17.54
 765       -357       -255
 766      613.7     -205.6
 767      191.4     -265.8
 768     -23.95     -734.1
 769      217.3     -761.5
 770     -351.9     -489.7
 771      255.5     -142.5
 772      419.3      787.4
 773       -541      806.3
 774      336.7     -347.5
 775      683.7     -298.5
 776     -107.3       51.9
 777      445.8     -575.5
 778      79.08     -216.8
 779     -569.2      285.8
 780      447.8     -325.2
 781      108.6     -55.17
 782     -806.4      377.6
 783      21.75       -186
 784      252.1     -119.2
 785     -342.2        265
 786     -313.2      133.1
 787     -212.9      124.7
 788      76.23      24.53
 789      239.1     -222.6
 790     -219.9       -108
 791     -304.4      174.3
 792     -103.8      181.9
 793     -65.44      -60.8
 794      135.3     -48.13
 795      86.02      96.67
 796     -122.2     -36.48
 797     -9.239     -48.02
 798      60.75      66.47
 799     -8.394      23.08
 800      2.604     -9.374
 801      9.402      -16.8
 802      -14.4     -27.85
 803     -8.297      4.543
 804       58.6      106.7
 805      24.61        113
 806     -148.8     -75.94
 807     -109.8     -15.95
 808       63.7      87.73
 809      225.8     -101.5
 810      105.2      33.21
 811     -137.6      211.3
 812      297.8      7.834
 813      111.1     -51.73
 814     -583.2     -19.84
 815     -6.863      168.3
 816     -117.6      237.1
 817     -907.9      -54.2
 818     -195.4        223
 819     -31.48      230.4
 820     -338.3     -562.8
 821      412.3       -322
 822      -4.88      302.6
 823     -782.6      188.9
 824     -573.8      489.1
 825     -417.5      714.7
 826      398.9        508
 827      236.7      342.4
 828       -859       -511
 829      75.32     -648.1
 830      547.6        759
 831     -361.5       1094
 832     -201.9      132.1
 833     -142.3     -244.5
 834      26.78     -170.3
 835      515.4     -327.8
 836     -120.3       -545
 837      108.1     -104.4
 838      942.3      397.7
 839      446.4     -238.3
 840       5.75     -539.5
 841     -167.2      82.21
 842      16.73      50.77
 843      307.6     -254.8
 844     -463.5     -156.4
 845     -246.5      51.81
 846      623.1      109.2
 847      3.555     -292.2
 848      51.27     -226.3
 849        558      321.7
 850      41.77     -100.4
 851      151.8     -278.9
 852      229.5      468.9
 853     -201.4      232.7
 854      132.3     -365.4
 855      356.2     -121.6
 856      224.2     -52.96
 857      127.6     -190.8
 858     -94.47     -84.88
 859     -25.98     -8.374
 860      45.96      99.25
 861     -56.33      58.79
 862      5.481     -79.44
 863      22.12     -33.37
 864      -9.19     0.9333
 865      -10.7      5.879
 866      40.65     -21.89
 867      44.42     -37.05
 868     -78.72      -89.2
 869      68.35        -77
 870      168.1      174.6
 871      13.28      55.46
 872      110.3     -82.91
 873      124.8      248.9
 874      179.8       41.2
 875        212     -196.9
 876     -318.1      151.5
 877     -151.4     -130.7
 878      476.4     -310.1
 879      151.8      156.8
 880     -127.5      107.7
 881     -26.99      29.26
 882      167.7     -235.2
 883      217.6     -538.8
 884       -308      278.1
 885      59.41      353.1
 886      729.7     -673.6
 887      154.7     -645.6
 888      109.1      22.47
 889      319.8      505.1
 890       -130      308.6
 891     -165.9     -178.4
 892     -392.8      234.7
 893     -222.8     -62.79
 894      359.3     -795.1
 895     -378.9     -331.1
 896       -461     -603.8
 897      110.2     -793.4
 898     -398.5      -26.2
 899      284.5     -261.5
 900       1048      340.8
 901      36.15      909.8
 902     -55.91     -787.9
 903      301.2     -983.3
 904     -225.7     -253.4
 905       -405     -592.2
 906     -488.8      425.6
 907     -248.4      435.1
 908      342.6     -769.9
 909      45.41      341.6
 910     -493.3      613.6
 911     -387.6     -728.2
 912      96.43     -374.5
 913      137.3      264.8
 914     -236.3      263.5
 915      218.8      367.1
 916      520.6      196.5
 917       -245      55.03
 918     -248.6        112
 919      275.4      251.7
 920      66.32      51.01
 921     -89.95     -419.7
 922     -31.18     -124.1
 923     -3.686        177
 924      80.32     -106.9
 925     -14.29      30.26
 926      -31.4      153.8
 927      58.38     -42.51
 928      4.593     -5.753
 929     -9.228     -37.14
 930      42.78     -52.89
 931      81.66     -59.64
 932      110.1      31.52
 933      104.4      269.7
 934      105.3     -141.2
 935      78.87     -401.7
 936      68.96     -34.95
 937     -98.94      175.8
 938     -224.7        413
 939     -39.81       82.5
 940     -52.39     -445.3
 941     -70.97     -5.384
 942     -76.32      82.77
 943       -325     -519.8
 944     -165.5     -492.3
 945     -189.2      -39.7
 946     -227.7      182.6
 947      649.4      266.3
 948      485.3      703.1
 949       -340      482.5
 950      373.4     -577.6
 951      456.9     -73.18
 952     -242.9      264.1
 953      7.334     -816.3
 954     -340.5      88.68
 955     -481.8      561.9
 956        211     -734.5
 957     -268.8      332.6
 958     -462.5       1015
 959      360.9     -542.9
 960      401.5     -335.2
 961     -230.8      376.2
 962     -819.2      123.8
 963     -238.4      276.9
 964      742.3     -141.8
 965     -133.2     -620.1
 966       -810       51.9
 967     -266.6        346
 968       -400     -540.6
 969     -143.6      -1042
 970      332.8     -84.94
 971      88.57      305.9
 972      370.7      -87.5
 973      218.3      596.4
 974     -465.5      755.4
 975       -125      68.44
 976      273.6      466.2
 977      367.6      493.5
 978        252      115.1
 979     -139.4      -5.02
 980       96.5     -519.8
 981      100.1     -175.3
 982       -365      692.5
 983        151      176.9
 984      272.2     -61.61
 985     -21.76     -137.4
 986        130      96.88
 987      -3.42      241.6
 988     -41.06     -128.1
 989      22.01      56.55
 990     -6.564      88.89
 991     -13.77      21.84
 992      25.88     -8.732
 993      30.44    -0.6791
 994       2.17     -64.51
 995      23.21      30.83
 996      64.99      251.4
 997     -68.41      72.25
 998       79.6     -310.6
 999        183     -168.2
1000      216.7     -211.7
1001      185.2     -206.3
1002     -366.5      81.62
1003     -155.2      105.4
1004        470      230.8
1005     -497.5      230.1
1006     -732.1     -497.2
1007      118.2     -467.4
1008     -103.2        216
1009     -295.1      372.1
1010       -275        344
1011     -229.7      465.2
1012      455.7      350.1
1013     -282.6     -10.89
1014      -1048     -49.33
1015       -173      600.5
1016        305      274.7
1017        294       -431
1018      148.1        193
1019     -113.8      483.7
1020      484.2     -145.9
1021     -340.3      108.7
1022       -756      473.2
1023      146.7      486.1
