     0    -402   -1377
     1    2047   -2048
     2    1617     268
     3    2047     370
     4    2042   -2048
     5    1907   -2048
     6    2047   -1915
     7   -1067   -2048
     8   -2048     -26
     9    -674      59
    10    2047   -2048
    11    1797    -437
    12   -1770    -201
    13   -2048   -2048
    14   -1743   -1236
    15   -2048   -2048
    16   -2048    1441
    17     561    2047
    18    2047   -2048
    19     831     938
    20   -1757    2047
    21   -2048   -1065
    22   -1297     374
    23    1889    2047
    24    2047    1367
    25    1501    2047
    26    2047    1648
    27     731    2047
    28   -2048    2047
    29    -393    2047
    30    2047    1955
    31    1755   -2048
    32    2047   -1229
    33    1704    2047
    34    2047   -1676
    35     358    -279
    36   -2048    2047
    37    1423    1303
    38     178    2047
    39   -2048    2047
    40    1659    2047
    41    -656    1329
    42   -2048   -2048
    43    2047   -1495
    44    -403    2047
    45   -2048    2047
    46   -1749    2047
    47   -1330    2019
    48    2047    2047
    49     930     624
    50   -2048   -1920
    51    1710   -2048
    52    2047     530
    53   -1781    2047
    54   -2048    -586
    55   -2048   -2048
    56     563   -1671
    57    2047   -2048
    58    1857   -2048
    59    1780    1035
    60    2047    2047
    61    1152   -1060
    62   -2048   -2048
    63   -1962   -1250
    64   -2048    2047
    65   -1139     529
    66    2047   -2048
    67    1879    -118
    68   -1799    2047
    69   -2048    2047
    70    -875    2047
    71   -1762    2047
    72   -2048    2047
    73   -1808   -1044
    74   -2048   -2048
    75   -2022   -1439
    76   -1930   -2048
    77   -2048   -1706
    78   -1806   -1909
    79   -2048   -1766
    80   -2048   -1828
    81    1029   -2048
    82    2047     783
    83    1591    2047
    84    2047    -431
    85    2047   -2048
    86    1366   -2048
    87    2047   -2048
    88     -34   -2048
    89   -2048   -1804
    90    2047   -2048
    91    -512   -2039
    92   -2048   -1669
    93    1730   -2048
    94    2047   -2048
    95   -1153   -1679
    96   -2048   -2048
    97    2047    -559
    98    1790    2047
    99   -1899    1294
   100    2047   -2048
   101    -540   -2048
   102   -2048    1152
   103    1168    2047
   104   -1296    2047
   105   -2048    2010
   106   -1431    2047
   107   -2048    1383
   108   -1731   -1088
   109   -2048    1717
   110   -2034    2047
   111   -1803    1221
   112   -2048   -2048
   113    -697   -1365
   114    2021    1373
   115    2047   -2048
   116    -496   -2048
   117    -555    2047
   118    2047   -1037
   119    2047   -2048
   120      84    -175
   121   -2048     593
   122    -596   -2048
   123     629    -173
   124   -2048    2047
   125   -1952    -911
   126   -1650   -2048
   127   -2048    1295
   128     446    2047
   129    2047   -2048
   130    1489   -2048
   131    2047    2047
   132     234    -310
   133   -2048   -2048
   134   -1779       0
   135   -2048   -1965
   136   -1962   -1933
   137   -2048   -1653
   138    1259   -2048
   139    2047   -2048
   140   -1704   -2013
   141   -1953   -1558
   142   -2048   -2048
   143   -1521    -614
   144    2047    2047
   145    1853    2039
   146    2047    1216
   147    1708    2047
   148   -2048    1370
   149   -2048   -1219
   150     853    1748
   151    2047    2047
   152    1877    1487
   153    1734    2047
   154    2047    1524
   155    -728    2047
   156   -2048    1990
   157    1190    2047
   158    2047     529
   159    1160   -2048
   160   -2048    2047
   161     249    2047
   162    2047   -2048
   163   -2048     328
   164   -2048    2047
   165    1327    1421
   166   -1243    2047
   167   -2048    2002
   168    2047    2047
   169     460     905
   170   -2048   -2048
   171    2047      56
   172    1207    2047
   173   -2048    2047
   174   -1491    2047
   175    1021    2047
   176    2047     632
   177    -710   -1873
   178   -2048   -2048
   179    2047   -1226
   180    2047    2047
   181    1781    1272
   182    2047   -2048
   183    1828   -2048
   184    2047   -2048
   185    1948   -2048
   186    2027   -2048
   187    2047      22
   188    1856    2047
   189    2047   -1300
   190    1723   -2048
   191    2047   -2048
   192    2027   -2048
   193   -1001   -1778
   194   -2048   -2048
   195   -2015    1048
   196    1259    2047
   197    2047    1685
   198    2047    1389
   199    1883     487
   200    -773    2047
   201    2047    1400
   202    2047   -1460
   203   -1990    2047
   204   -2048    2047
   205   -1761      63
   206   -2048   -2048
   207   -2048   -1961
   208     877    2047
   209    2047     949
   210    2047   -1824
   211     777    2047
   212   -2048    2047
   213     527    1593
   214    2047    2047
   215    1260    1201
   216    2047    2047
   217   -1843     968
   218   -1281   -2048
   219    2047     117
   220   -2048    2047
   221   -1511    1928
   222    2047    1601
   223    1258    2047
   224    2047    -318
   225     659   -2048
   226   -2048   -2018
   227    2047   -1838
   228    1796    2047
   229   -2048    2047
   230     580   -2048
   231    2047   -2048
   232    1675   -2048
   233    2047   -2048
   234    2047   -2048
   235    1914    1463
   236    2047    2047
   237    2047   -2048
   238    -895   -1862
   239   -2048   -1492
   240     398   -2048
   241    2047     838
   242    1794    1893
   243    2047    2047
   244    2047     473
   245    1759   -1940
   246    2047    1832
   247    1594    2047
   248   -1894    1423
   249   -2048    2047
   250   -1456     292
   251   -2048   -2048
   252    -473    1226
   253    2047    1992
   254    1563    1971
   255    2047     231
   256    1970   -2048
   257   -2048     -58
   258   -1605    1187
   259    1896   -2048
   260    2047   -2048
   261    1570    -685
   262     629    2047
   263    1934    2047
   264    2047    1457
   265    1757    2021
   266    2047    2047
   267    1788   -2030
   268    2047   -1616
   269    1831    2047
   270    2047     567
   271    2047   -2048
   272   -1699   -1123
   273   -2048    2047
   274   -2048     838
   275   -1618   -2048
   276    2047   -2048
   277     592   -2048
   278   -2048   -1718
   279   -1950   -1897
   280   -1776   -1773
   281   -2048   -1869
   282   -1612   -1887
   283    2047   -2048
   284    1145   -2048
   285   -2048     777
   286   -2048     671
   287     574   -2048
   288    2047   -2048
   289    1810      86
   290    2002    2047
   291    2047    1158
   292    1802   -2048
   293     878   -2048
   294    1986   -2048
   295    2047   -2048
   296   -2048   -2048
   297    -933   -1919
   298    2047    1217
   299   -2048    -954
   300   -1401   -2048
   301    2047   -1871
   302     654   -2048
   303   -2048    1505
   304   -2048    2047
   305    2047    1345
   306     575    2047
   307   -2048    -260
   308   -1673   -2048
   309   -2048    -496
   310   -2048    2047
   311   -1884    2047
   312   -2048    2047
   313   -1963    2047
   314   -2025    2047
   315   -2048    1696
   316   -1974   -1916
   317   -2033   -2048
   318   -2048    2047
   319   -1749    1036
   320   -2048   -2048
   321     219   -1941
   322    2047   -2048
   323   -1035   -2048
   324   -2048   -1828
   325   -1648    1225
   326   -2048    2047
   327   -1744    -107
   328   -2048   -2048
   329   -1310   -1668
   330   -1631   -1657
   331   -2048   -2048
   332    2047     621
   333     995    1552
   334   -2048   -1762
   335     238   -2048
   336    2047   -1348
   337    1758    1895
   338    2047    2043
   339    1920    1556
   340    2047    2047
   341    1947    1512
   342    2047    2047
   343    2047    -594
   344   -1720   -2048
   345   -2048    -860
   346    1944   -2048
   347    -414    -601
   348   -2048    2047
   349    2047   -1781
   350    1426   -1482
   351   -2048    2047
   352    2047    1310
   353    1029    2029
   354   -2048    2047
   355    2047   -1339
   356    1241   -2048
   357   -2048    1226
   358    -820    2047
   359    2047     920
   360     487    2047
   361   -2048    -604
   362   -2048   -1548
   363   -2048    2047
   364    1924    1468
   365    1414    2047
   366   -2048    1789
   367   -1917   -2048
   368    1124   -2048
   369    2047   -1788
   370    1728   -2048
   371    2047   -1709
   372    1998     919
   373    1888   -1435
   374    2047   -2048
   375   -1313   -1907
   376   -2048    1670
   377   -1452    1987
   378   -2048   -2048
   379     379     702
   380    2047    2047
   381    1561   -2048
   382    2047    -787
   383    1799    1641
   384    2047   -2048
   385    1979   -2048
   386    1828   -1647
   387    2047   -2048
   388   -2048    -523
   389   -1414    2047
   390    2047    2045
   391   -1690    2047
   392   -2048    -891
   393    1128   -2048
   394    2047   -1719
   395   -1064   -2048
   396   -2048    -779
   397    1384    2047
   398    2047    -796
   399    2047   -2048
   400     183    1358
   401   -2048    2047
   402   -2048    2047
   403     627     173
   404    2047   -2048
   405   -1021   -1532
   406   -2048   -1904
   407   -1107   -1936
   408   -2048   -1558
   409     238   -2048
   410    2047   -1836
   411   -2048   -2048
   412   -2048     314
   413   -1920    2047
   414   -2048   -2048
   415    1842   -1797
   416    2047    2047
   417    1709    1261
   418    2047    2047
   419    1724    1767
   420    2047   -2048
   421    1704    1112
   422    2047    2047
   423    1744   -2048
   424   -2048   -1792
   425    -677   -1730
   426    2047   -2048
   427   -2048   -1675
   428   -1818   -1692
   429    2047   -2048
   430     482    -703
   431   -2048    2047
   432    1337    1784
   433    1018    1799
   434   -2048    2047
   435    1140   -1401
   436     371   -2048
   437   -2048    1453
   438   -1599    2047
   439   -2048    2047
   440   -2048    2047
   441   -1685    2047
   442   -2048    2047
   443   -2035   -1943
   444    2047   -2048
   445    1466    2047
   446   -2048     641
   447   -1902   -2048
   448   -2048   -1417
   449     969   -2048
   450    2047   -2048
   451    1020   -2048
   452    2047   -2048
   453    1124   -2031
   454   -1161   -2048
   455    2047   -2048
   456    1937   -2048
   457    2047   -1526
   458    1716    2047
   459   -2048     966
   460     -77   -2048
   461    2047    1248
   462    -265    -583
   463   -2048   -2048
   464   -2048    1554
   465   -1624    -424
   466   -2048   -2048
   467    -906    2047
   468    2047    1338
   469     257   -2048
   470   -2048     399
   471   -1533     205
   472    2047   -2048
   473    -498   -1611
   474   -1054   -2048
   475    2047    -350
   476    -149    2047
   477   -2048    2047
   478    1185    -277
   479    2047   -2048
   480    1495   -1916
   481   -1386   -1839
   482    1148   -2048
   483    2047    1385
   484    1531    2047
   485    2047   -1876
   486    1988   -2048
   487    1952   -2048
   488    2047   -2048
   489    1967   -2048
   490    1965    -324
   491    2047    2047
   492    1164     114
   493   -2048   -2048
   494   -1907   -1673
   495    1892     785
   496    -498    2047
   497   -2048    -472
   498   -2003    -529
   499    -955    2047
   500    2047     294
   501    2047   -1661
   502    -920    2047
   503    -251    -679
   504    2047   -2048
   505    1605   -1250
   506    2047   -2006
   507    2047   -2048
   508   -1151    1675
   509     403    2047
   510    2047   -2048
   511    -344   -2048
   512   -2048    2047
   513   -1677    2047
   514   -2048   -1827
   515    1151     402
   516    2047    2047
   517   -1709   -2048
   518   -2048     483
   519   -1804    2047
   520   -2048    1545
   521   -1675    2047
   522   -2048    1964
   523     -58    2047
   524    2047    1542
   525    1673   -2048
   526    2047     197
   527    2047    2047
   528    1666   -2048
   529    2047   -1292
   530     785    1006
   531   -2048   -2048
   532   -1920     876
   533    2047    2047
   534    2047   -1682
   535    1538    -724
   536    2047    2047
   537   -1755    1632
   538   -1142    2047
   539    2047     721
   540   -2048   -2048
   541   -2048     297
   542   -1564    2047
   543   -2048     804
   544   -1719   -2048
   545   -2048   -1190
   546   -2002   -2048
   547   -1918   -1046
   548   -2048    1456
   549   -1655   -2048
   550   -2048     353
   551    -815    2047
   552    2047     928
   553     331    2047
   554   -2048    1722
   555    2047   -2048
   556    1448   -2048
   557   -2048    2047
   558     736    -331
   559    1558   -2048
   560   -2048   -1042
   561    1148   -2048
   562    2047   -2048
   563    1473    2047
   564    2047    1265
   565    2047   -2048
   566    1009   -1899
   567   -2048   -2048
   568   -2048    -515
   569    1655    2047
   570    1669    -624
   571    2047   -2048
   572      90    -754
   573   -1476   -2048
   574    2047   -1104
   575   -1047    2047
   576   -2048    2026
   577   -1497    2047
   578   -2048    2047
   579   -2021   -2008
   580   -2048   -1254
   581    -679    2047
   582    -730    1408
   583    -872    1012
   584    1859    2047
   585    2047   -2048
   586   -1043   -2048
   587   -1223    2047
   588    2047    1044
   589    1958   -2048
   590    1763   -2048
   591    2047    -806
   592    1491    2047
   593    2047    1643
   594    1318    1885
   595   -2048    2047
   596      79    1787
   597    2047    2047
   598    1172   -1030
   599    2047   -2048
   600    -829   -1349
   601   -2048   -2048
   602    2047   -1530
   603    -200    2047
   604   -2048    2047
   605    2047    -991
   606    1695   -2048
   607    1946   -2036
   608    2047   -2048
   609   -2048   -1512
   610    -139   -2048
   611    2047   -2048
   612   -2048    1522
   613   -1853   -1047
   614    2047   -2048
   615    2004     965
   616    2041     936
   617   -1491   -2048
   618   -2048     957
   619    1809    2047
   620    2010   -2027
   621   -1577   -2048
   622   -2048   -1395
   623      27   -2048
   624    2047   -1994
   625    1886   -2048
   626    2047   -1197
   627    1821    2047
   628    2047    -343
   629     943   -2048
   630   -2048    -840
   631   -1831   -2048
   632   -1864     145
   633   -2048    1337
   634     421   -2048
   635    2047     812
   636    2047    2047
   637    1557   -2048
   638    2047   -2048
   639     954   -1747
   640   -2048   -2048
   641   -1882    1090
   642   -2048       8
   643     879   -2048
   644    1144    1737
   645   -2048    2047
   646   -1598    1968
   647   -2048    2047
   648   -2048    2047
   649   -1670     217
   650   -2048   -2048
   651     597    1274
   652    2047    2047
   653    1719   -2048
   654    2047   -2048
   655    2047   -2048
   656    1747   -1694
   657    2047    2047
   658     888     477
   659   -2048   -2048
   660    -755    2027
   661    2047    2004
   662    1292   -2048
   663    2047   -2048
   664     339    1822
   665   -2048    2047
   666    1709    2047
   667     589     297
   668   -2048   -2048
   669   -1625    1421
   670   -1991    2047
   671   -2048    -319
   672   -1489   -2048
   673   -2048   -1384
   674   -1734   -2048
   675    2047   -2048
   676    -128    1604
   677   -2048    2047
   678   -1882    2047
   679    -415    2047
   680    2047    1623
   681      95    2047
   682   -2048     624
   683    2047   -2048
   684     517   -1288
   685   -2048    2047
   686    1380   -1833
   687    -263   -1083
   688   -2048    2047
   689    2047    1580
   690     242    1734
   691   -2048    2047
   692    2047     396
   693    2047   -2048
   694   -1478   -1635
   695   -2048   -1932
   696    1122   -1914
   697    2047    2047
   698    1078     -38
   699   -2048   -2048
   700   -2048    2047
   701    2047    1988
   702    1250    1723
   703   -2048    2047
   704   -2048    1969
   705   -1427    2047
   706   -2048     342
   707     480   -2048
   708    2047   -2048
   709   -1657    -667
   710     122    2047
   711     -45    2031
   712   -2048    2047
   713   -1963    2047
   714    -643    1883
   715    2047    2047
   716     828   -1350
   717   -2048   -2048
   718   -1869     905
   719   -1916   -1070
   720   -2048   -2048
   721   -1668   -1138
   722   -2048   -2048
   723   -2048      20
   724    1900    2047
   725    -294    1829
   726   -2048    2047
   727    2047    1832
   728    2047    1579
   729   -2019    2047
   730    -198     182
   731    2047   -2048
   732   -1338    -809
   733   -2048    1782
   734    2047   -2048
   735     -91   -2048
   736   -2048   -1066
   737    1164   -2048
   738    2047    -878
   739    1389    2047
   740    2047    -298
   741    2047   -2048
   742   -1511   -1328
   743     274   -2048
   744    2047     -60
   745    1687    2047
   746    2029    1019
   747   -1633    2047
   748   -2048    1650
   749    2047    -317
   750    1117    2047
   751   -2048    2047
   752   -1327    2047
   753   -2048    2028
   754   -1740    2047
   755    2047      33
   756   -1288   -2048
   757   -1821    2047
   758    2047    1829
   759    1758   -1795
   760    2047   -2048
   761    -973   -1424
   762   -2048    1527
   763    -164   -2048
   764   -1219   -1308
   765   -2048    1974
   766   -2048   -2048
   767     166   -2048
   768    2047   -1576
   769    1793   -2048
   770    1801    -826
   771    2047    2047
   772      -8    -745
   773   -2048   -2048
   774   -1800   -1353
   775    1137   -2048
   776    2047   -2048
   777    -213    1313
   778   -1921    2047
   779   -2048   -2048
   780   -1406    -944
   781    2047    2047
   782   -1482     385
   783   -1927    -272
   784    2047    -546
   785    1582   -2048
   786    1836     192
   787    2047    1800
   788   -1129   -2048
   789     943   -1080
   790    2047    1996
   791   -2048    2047
   792    1382    1022
   793    2047   -2048
   794   -2048   -1618
   795    -678    2047
   796    2047     578
   797    1797   -2048
   798    2021   -1832
   799    2047    1626
   800    1749    2047
   801    2047    1211
   802    -878    2047
   803   -2048    1090
   804    2047   -2048
   805    1466   -2048
   806    -561   -2048
   807    1295   -2048
   808   -2048   -1825
   809     167   -2001
   810    2047     908
   811   -2048    2047
   812       4     435
   813    2047   -2048
   814    1051   -2048
   815    2047   -2048
   816    1414   -2048
   817   -2048   -1638
   818    1341   -2048
   819    2047   -2048
   820   -2048   -1775
   821    -579   -1926
   822    2047   -2048
   823   -2048   -2031
   824   -2006   -1320
   825   -1989   -2048
   826   -1904    -176
   827    2047    1885
   828     864   -2031
   829   -2048   -2048
   830   -2048   -1024
   831   -2048   -2048
   832    2047    -504
   833    -140    2047
   834   -2048    -626
   835    2047   -2048
   836    -703    1458
   837   -2048    2047
   838    -603    1275
   839    1454    2047
   840    2047     885
   841    1111   -2048
   842   -1535    1893
   843   -2048    1857
   844     787   -2048
   845    2047   -2048
   846   -1603   -1421
   847   -2048    2047
   848   -1998    2047
   849   -1834   -2048
   850   -2048    1395
   851   -1574    2047
   852    2047   -2048
   853     244   -2048
   854   -1399   -1727
   855    2047   -2048
   856    1976   -2008
   857    1395   -2048
   858    2047      57
   859    -573    2047
   860   -1461     -36
   861    2047   -2048
   862    1852   -2048
   863    2047   -2048
   864    -585   -1650
   865   -2048   -2048
   866    2047       5
   867    1037    2047
   868   -2048    -799
   869    1151   -2048
   870    2047   -2048
   871    2047      50
   872    1024    2047
   873   -2048    1645
   874   -1868    2047
   875   -1872    1744
   876   -2048   -2048
   877   -1330   -1258
   878   -2048    2047
   879    -159    2047
   880    1407     112
   881   -2048   -1493
   882     -79    2047
   883    2047    1785
   884   -1871   -2048
   885   -2048     339
   886   -1817    1544
   887   -2048   -2048
   888   -1696   -1895
   889   -2048   -1259
   890     966   -2048
   891    2047   -1121
   892   -1606    -896
   893   -2048   -2048
   894   -1765    -975
   895   -2048   -2048
   896   -1849     138
   897   -2048    2047
   898     973   -2048
   899    2047    1711
   900    -990    1613
   901   -2048   -2048
   902   -1925   -1308
   903   -2048   -2024
   904     172   -2012
   905    -776   -1996
   906   -2048   -1722
   907   -1168   -1852
   908    1869   -2048
   909    2047   -1859
   910    1914   -2048
   911    2047     667
   912    1778     874
   913    2047   -2048
   914    -955    1763
   915   -2048    2027
   916    1427   -2048
   917    2047   -1188
   918    1932    1732
   919    -126    2047
   920    1367    -601
   921    2047   -2048
   922   -2006     627
   923    -749    2047
   924    2047   -2048
   925    1611   -2048
   926    1852   -1415
   927    2047    1375
   928    -793    2047
   929   -2048    -595
   930   -2024    -549
   931   -2048    -514
   932    2047   -2048
   933     256   -1849
   934   -1460   -2004
   935    2047   -2048
   936     366   -2048
   937    1689   -1511
   938    2047    1798
   939   -2048    2047
   940     677    -566
   941    2047   -2048
   942    1181   -1960
   943    2047   -2048
   944   -1162   -1514
   945   -2048   -2048
   946    2047   -1807
   947     200    1932
   948   -2048    -166
   949    1006   -2048
   950    2047   -1644
   951     -58    1851
   952   -2048    -813
   953   -1890    -865
   954   -2041    2047
   955   -2048      17
   956   -1942   -2048
   957   -2048    1420
   958   -1811    2047
   959    1761    2047
   960    2047    1463
   961   -2036    -983
   962    -505    2047
   963    1086    1298
   964   -2048   -2048
   965   -2048     700
   966   -1165    2047
   967    1993    1823
   968    2047    1577
   969   -2048    2047
   970   -1815    2047
   971   -1930   -1912
   972   -2048      80
   973    2047    2047
   974    -370    1884
   975   -1444     349
   976    2047   -2048
   977    1750   -2048
   978    1884    2047
   979    2047     992
   980    1648     -47
   981    2047    2047
   982    1863    1289
   983    1916    2047
   984    2047     232
   985   -1718   -2048
   986   -2048   -1264
   987    2047   -2048
   988   -1381    1385
   989   -2048     898
   990     915   -2048
   991   -2048    2047
   992     100    2047
   993    2047     996
   994   -2048    2047
   995    -226    1398
   996    2047   -2048
   997    -921   -2048
   998   -2048   -1707
   999    1057   -1866
  1000    2047    2047
  1001    2047    1652
  1002     -12   -2048
  1003   -2048     360
  1004     365    2047
  1005    2047    1195
  1006    -984    2047
  1007   -2048    2047
  1008   -1938   -1034
  1009    1093   -2048
  1010    2047   -2048
  1011    1652   -1962
  1012    2047    1465
  1013    1921    2047
  1014    2047     889
  1015    1968   -2048
  1016    2047   -2048
  1017    1891    1098
  1018   -2048   -1158
  1019   -1924   -2048
  1020    1912    2047
  1021    1818    1474
  1022    2047   -2048
  1023    -226    -887
