     0       0       0
     1       0    8191
     2       0   -8191
     3       0    8191
     4       0    8191
     5       0    8191
     6       0    8191
     7    8191       0
     8    8191       0
     9       0   -8191
    10       0    8191
    11       0    8191
    12       0    8191
    13       0   -8191
    14       0   -8191
    15    8191       0
    16    8191       0
    17       0    8191
    18       0   -8191
    19       0    8191
    20       0    8191
    21       0    8191
    22       0    8191
    23    8191       0
    24    8191       0
    25       0   -8191
    26       0    8191
    27       0    8191
    28       0    8191
    29       0   -8191
    30       0   -8191
    31    8191       0
    32    8191       0
    33    8191       0
    34       0   -8191
    35   -8191       0
    36       0   -8191
    37    8191       0
    38       0    8191
    39       0    8191
    40   -8191       0
    41   -8191       0
    42       0    8191
    43   -8191       0
    44       0   -8191
    45   -8191       0
    46       0   -8191
    47       0    8191
    48   -8191       0
    49    8191       0
    50       0   -8191
    51   -8191       0
    52       0   -8191
    53    8191       0
    54       0    8191
    55       0    8191
    56   -8191       0
    57   -8191       0
    58       0    8191
    59   -8191       0
    60       0   -8191
    61   -8191       0
    62       0   -8191
    63       0    8191
    64   -8191       0
    65       0    8191
    66       0    8191
    67       0    8191
    68       0   -8191
    69       0    8191
    70       0   -8191
    71    8191       0
    72   -8191       0
    73       0   -8191
    74       0   -8191
    75       0    8191
    76       0   -8191
    77       0   -8191
    78       0    8191
    79    8191       0
    80   -8191       0
    81       0    8191
    82       0    8191
    83       0    8191
    84       0   -8191
    85       0    8191
    86       0   -8191
    87    8191       0
    88   -8191       0
    89       0   -8191
    90       0   -8191
    91       0    8191
    92       0   -8191
    93       0   -8191
    94       0    8191
    95    8191       0
    96   -8191       0
    97       0   -8191
    98    8191       0
    99       0    8191
   100    8191       0
   101       0   -8191
   102   -8191       0
   103    8191       0
   104       0   -8191
   105       0    8191
   106   -8191       0
   107       0    8191
   108    8191       0
   109       0    8191
   110    8191       0
   111    8191       0
   112       0   -8191
   113       0   -8191
   114    8191       0
   115       0    8191
   116    8191       0
   117       0   -8191
   118   -8191       0
   119    8191       0
   120       0   -8191
   121       0    8191
   122   -8191       0
   123       0    8191
   124    8191       0
   125       0    8191
   126    8191       0
   127    8191       0
   128       0   -8191
   129       0    8191
   130       0   -8191
   131       0    8191
   132       0    8191
   133       0    8191
   134       0    8191
   135    8191       0
   136    8191       0
   137       0   -8191
   138       0    8191
   139       0    8191
   140       0    8191
   141       0   -8191
   142       0   -8191
   143    8191       0
   144    8191       0
   145       0    8191
   146       0   -8191
   147       0    8191
   148       0    8191
   149       0    8191
   150       0    8191
   151    8191       0
   152    8191       0
   153       0   -8191
   154       0    8191
   155       0    8191
   156       0    8191
   157       0   -8191
   158       0   -8191
   159    8191       0
   160    8191       0
   161    8191       0
   162       0   -8191
   163   -8191       0
   164       0   -8191
   165    8191       0
   166       0    8191
   167       0    8191
   168   -8191       0
   169   -8191       0
   170       0    8191
   171   -8191       0
   172       0   -8191
   173   -8191       0
   174       0   -8191
   175       0    8191
   176   -8191       0
   177    8191       0
   178       0   -8191
   179   -8191       0
   180       0   -8191
   181    8191       0
   182       0    8191
   183       0    8191
   184   -8191       0
   185   -8191       0
   186       0    8191
   187   -8191       0
   188       0   -8191
   189   -8191       0
   190       0   -8191
   191       0    8191
   192   -8191       0
   193       0   -8191
   194       0   -8191
   195       0   -8191
   196       0    8191
   197       0   -8191
   198       0    8191
   199   -8191       0
   200    8191       0
   201       0    8191
   202       0    8191
   203       0   -8191
   204       0    8191
   205       0    8191
   206       0   -8191
   207   -8191       0
   208    8191       0
   209       0   -8191
   210       0   -8191
   211       0   -8191
   212       0    8191
   213       0   -8191
   214       0    8191
   215   -8191       0
   216    8191       0
   217       0    8191
   218       0    8191
   219       0   -8191
   220       0    8191
   221       0    8191
   222       0   -8191
   223   -8191       0
   224    8191       0
   225       0   -8191
   226    8191       0
   227       0    8191
   228    8191       0
   229       0   -8191
   230   -8191       0
   231    8191       0
   232       0   -8191
   233       0    8191
   234   -8191       0
   235       0    8191
   236    8191       0
   237       0    8191
   238    8191       0
   239    8191       0
   240       0   -8191
   241       0   -8191
   242    8191       0
   243       0    8191
   244    8191       0
   245       0   -8191
   246   -8191       0
   247    8191       0
   248       0   -8191
   249       0    8191
   250   -8191       0
   251       0    8191
   252    8191       0
   253       0    8191
   254    8191       0
   255    8191       0
   256       0   -8191
   257       0   -8191
   258       0    8191
   259       0   -8191
   260       0   -8191
   261       0   -8191
   262       0   -8191
   263   -8191       0
   264   -8191       0
   265       0    8191
   266       0   -8191
   267       0   -8191
   268       0   -8191
   269       0    8191
   270       0    8191
   271   -8191       0
   272   -8191       0
   273       0   -8191
   274       0    8191
   275       0   -8191
   276       0   -8191
   277       0   -8191
   278       0   -8191
   279   -8191       0
   280   -8191       0
   281       0    8191
   282       0   -8191
   283       0   -8191
   284       0   -8191
   285       0    8191
   286       0    8191
   287   -8191       0
   288   -8191       0
   289    8191       0
   290       0   -8191
   291   -8191       0
   292       0   -8191
   293    8191       0
   294       0    8191
   295       0    8191
   296   -8191       0
   297   -8191       0
   298       0    8191
   299   -8191       0
   300       0   -8191
   301   -8191       0
   302       0   -8191
   303       0    8191
   304   -8191       0
   305    8191       0
   306       0   -8191
   307   -8191       0
   308       0   -8191
   309    8191       0
   310       0    8191
   311       0    8191
   312   -8191       0
   313   -8191       0
   314       0    8191
   315   -8191       0
   316       0   -8191
   317   -8191       0
   318       0   -8191
   319       0    8191
   320   -8191       0
   321   -8191       0
   322   -8191       0
   323   -8191       0
   324    8191       0
   325   -8191       0
   326    8191       0
   327       0    8191
   328       0   -8191
   329    8191       0
   330    8191       0
   331   -8191       0
   332    8191       0
   333    8191       0
   334   -8191       0
   335       0    8191
   336       0   -8191
   337   -8191       0
   338   -8191       0
   339   -8191       0
   340    8191       0
   341   -8191       0
   342    8191       0
   343       0    8191
   344       0   -8191
   345    8191       0
   346    8191       0
   347   -8191       0
   348    8191       0
   349    8191       0
   350   -8191       0
   351       0    8191
   352       0   -8191
   353       0    8191
   354   -8191       0
   355       0   -8191
   356   -8191       0
   357       0    8191
   358    8191       0
   359   -8191       0
   360       0    8191
   361       0   -8191
   362    8191       0
   363       0   -8191
   364   -8191       0
   365       0   -8191
   366   -8191       0
   367   -8191       0
   368       0    8191
   369       0    8191
   370   -8191       0
   371       0   -8191
   372   -8191       0
   373       0    8191
   374    8191       0
   375   -8191       0
   376       0    8191
   377       0   -8191
   378    8191       0
   379       0   -8191
   380   -8191       0
   381       0   -8191
   382   -8191       0
   383   -8191       0
   384       0    8191
   385       0       0
   386       0       0
   387       0       0
   388       0       0
   389       0       0
   390       0       0
   391       0       0
   392       0       0
   393       0       0
   394       0       0
   395       0       0
   396       0       0
   397       0       0
   398       0       0
   399       0       0
   400       0       0
   401       0       0
   402       0       0
   403       0       0
   404       0       0
   405       0       0
   406       0       0
   407       0       0
   408       0       0
   409       0       0
   410       0       0
   411       0       0
   412       0       0
   413       0       0
   414       0       0
   415       0       0
   416       0       0
   417       0       0
   418       0       0
   419       0       0
   420       0       0
   421       0       0
   422       0       0
   423       0       0
   424       0       0
   425       0       0
   426       0       0
   427       0       0
   428       0       0
   429       0       0
   430       0       0
   431       0       0
   432       0       0
   433       0       0
   434       0       0
   435       0       0
   436       0       0
   437       0       0
   438       0       0
   439       0       0
   440       0       0
   441       0       0
   442       0       0
   443       0       0
   444       0       0
   445       0       0
   446       0       0
   447       0       0
   448       0       0
   449       0       0
   450       0       0
   451       0       0
   452       0       0
   453       0       0
   454       0       0
   455       0       0
   456       0       0
   457       0       0
   458       0       0
   459       0       0
   460       0       0
   461       0       0
   462       0       0
   463       0       0
   464       0       0
   465       0       0
   466       0       0
   467       0       0
   468       0       0
   469       0       0
   470       0       0
   471       0       0
   472       0       0
   473       0       0
   474       0       0
   475       0       0
   476       0       0
   477       0       0
   478       0       0
   479       0       0
   480       0       0
   481       0       0
   482       0       0
   483       0       0
   484       0       0
   485       0       0
   486       0       0
   487       0       0
   488       0       0
   489       0       0
   490       0       0
   491       0       0
   492       0       0
   493       0       0
   494       0       0
   495       0       0
   496       0       0
   497       0       0
   498       0       0
   499       0       0
   500       0       0
   501       0       0
   502       0       0
   503       0       0
   504       0       0
   505       0       0
   506       0       0
   507       0       0
   508       0       0
   509       0       0
   510       0       0
   511       0       0
   512       0       0
   513       0       0
   514       0       0
   515       0       0
   516       0       0
   517       0       0
   518       0       0
   519       0       0
   520       0       0
   521       0       0
   522       0       0
   523       0       0
   524       0       0
   525       0       0
   526       0       0
   527       0       0
   528       0       0
   529       0       0
   530       0       0
   531       0       0
   532       0       0
   533       0       0
   534       0       0
   535       0       0
   536       0       0
   537       0       0
   538       0       0
   539       0       0
   540       0       0
   541       0       0
   542       0       0
   543       0       0
   544       0       0
   545       0       0
   546       0       0
   547       0       0
   548       0       0
   549       0       0
   550       0       0
   551       0       0
   552       0       0
   553       0       0
   554       0       0
   555       0       0
   556       0       0
   557       0       0
   558       0       0
   559       0       0
   560       0       0
   561       0       0
   562       0       0
   563       0       0
   564       0       0
   565       0       0
   566       0       0
   567       0       0
   568       0       0
   569       0       0
   570       0       0
   571       0       0
   572       0       0
   573       0       0
   574       0       0
   575       0       0
   576       0       0
   577       0       0
   578       0       0
   579       0       0
   580       0       0
   581       0       0
   582       0       0
   583       0       0
   584       0       0
   585       0       0
   586       0       0
   587       0       0
   588       0       0
   589       0       0
   590       0       0
   591       0       0
   592       0       0
   593       0       0
   594       0       0
   595       0       0
   596       0       0
   597       0       0
   598       0       0
   599       0       0
   600       0       0
   601       0       0
   602       0       0
   603       0       0
   604       0       0
   605       0       0
   606       0       0
   607       0       0
   608       0       0
   609       0       0
   610       0       0
   611       0       0
   612       0       0
   613       0       0
   614       0       0
   615       0       0
   616       0       0
   617       0       0
   618       0       0
   619       0       0
   620       0       0
   621       0       0
   622       0       0
   623       0       0
   624       0       0
   625       0       0
   626       0       0
   627       0       0
   628       0       0
   629       0       0
   630       0       0
   631       0       0
   632       0       0
   633       0       0
   634       0       0
   635       0       0
   636       0       0
   637       0       0
   638       0       0
   639       0       0
   640       0    8191
   641       0   -8191
   642       0    8191
   643       0    8191
   644       0    8191
   645       0    8191
   646    8191       0
   647    8191       0
   648       0   -8191
   649       0    8191
   650       0    8191
   651       0    8191
   652       0   -8191
   653       0   -8191
   654    8191       0
   655    8191       0
   656       0    8191
   657       0   -8191
   658       0    8191
   659       0    8191
   660       0    8191
   661       0    8191
   662    8191       0
   663    8191       0
   664       0   -8191
   665       0    8191
   666       0    8191
   667       0    8191
   668       0   -8191
   669       0   -8191
   670    8191       0
   671    8191       0
   672    8191       0
   673       0    8191
   674   -8191       0
   675       0    8191
   676    8191       0
   677       0   -8191
   678       0    8191
   679    8191       0
   680   -8191       0
   681       0   -8191
   682   -8191       0
   683       0    8191
   684   -8191       0
   685       0    8191
   686       0    8191
   687    8191       0
   688    8191       0
   689       0    8191
   690   -8191       0
   691       0    8191
   692    8191       0
   693       0   -8191
   694       0    8191
   695    8191       0
   696   -8191       0
   697       0   -8191
   698   -8191       0
   699       0    8191
   700   -8191       0
   701       0    8191
   702       0    8191
   703    8191       0
   704    8191       0
   705    8191       0
   706    8191       0
   707   -8191       0
   708    8191       0
   709   -8191       0
   710       0   -8191
   711       0    8191
   712   -8191       0
   713   -8191       0
   714    8191       0
   715   -8191       0
   716   -8191       0
   717    8191       0
   718       0   -8191
   719       0    8191
   720    8191       0
   721    8191       0
   722    8191       0
   723   -8191       0
   724    8191       0
   725   -8191       0
   726       0   -8191
   727       0    8191
   728   -8191       0
   729   -8191       0
   730    8191       0
   731   -8191       0
   732   -8191       0
   733    8191       0
   734       0   -8191
   735       0    8191
   736       0   -8191
   737   -8191       0
   738       0    8191
   739   -8191       0
   740       0   -8191
   741    8191       0
   742    8191       0
   743       0    8191
   744       0    8191
   745    8191       0
   746       0    8191
   747   -8191       0
   748       0    8191
   749   -8191       0
   750    8191       0
   751       0    8191
   752       0   -8191
   753   -8191       0
   754       0    8191
   755   -8191       0
   756       0   -8191
   757    8191       0
   758    8191       0
   759       0    8191
   760       0    8191
   761    8191       0
   762       0    8191
   763   -8191       0
   764       0    8191
   765   -8191       0
   766    8191       0
   767       0    8191
   768       0   -8191
   769       0    8191
   770       0   -8191
   771       0   -8191
   772       0   -8191
   773       0   -8191
   774   -8191       0
   775   -8191       0
   776       0    8191
   777       0   -8191
   778       0   -8191
   779       0   -8191
   780       0    8191
   781       0    8191
   782   -8191       0
   783   -8191       0
   784       0   -8191
   785       0    8191
   786       0   -8191
   787       0   -8191
   788       0   -8191
   789       0   -8191
   790   -8191       0
   791   -8191       0
   792       0    8191
   793       0   -8191
   794       0   -8191
   795       0   -8191
   796       0    8191
   797       0    8191
   798   -8191       0
   799   -8191       0
   800       0   -8191
   801    8191       0
   802       0    8191
   803    8191       0
   804       0   -8191
   805   -8191       0
   806    8191       0
   807       0   -8191
   808       0    8191
   809   -8191       0
   810       0    8191
   811    8191       0
   812       0    8191
   813    8191       0
   814    8191       0
   815       0   -8191
   816       0   -8191
   817    8191       0
   818       0    8191
   819    8191       0
   820       0   -8191
   821   -8191       0
   822    8191       0
   823       0   -8191
   824       0    8191
   825   -8191       0
   826       0    8191
   827    8191       0
   828       0    8191
   829    8191       0
   830    8191       0
   831       0   -8191
   832       0    8191
   833       0    8191
   834       0    8191
   835       0   -8191
   836       0    8191
   837       0   -8191
   838    8191       0
   839   -8191       0
   840       0   -8191
   841       0   -8191
   842       0    8191
   843       0   -8191
   844       0   -8191
   845       0    8191
   846    8191       0
   847   -8191       0
   848       0    8191
   849       0    8191
   850       0    8191
   851       0   -8191
   852       0    8191
   853       0   -8191
   854    8191       0
   855   -8191       0
   856       0   -8191
   857       0   -8191
   858       0    8191
   859       0   -8191
   860       0   -8191
   861       0    8191
   862    8191       0
   863   -8191       0
   864   -8191       0
   865       0    8191
   866    8191       0
   867       0    8191
   868   -8191       0
   869       0   -8191
   870       0   -8191
   871    8191       0
   872    8191       0
   873       0   -8191
   874    8191       0
   875       0    8191
   876    8191       0
   877       0    8191
   878       0   -8191
   879    8191       0
   880   -8191       0
   881       0    8191
   882    8191       0
   883       0    8191
   884   -8191       0
   885       0   -8191
   886       0   -8191
   887    8191       0
   888    8191       0
   889       0   -8191
   890    8191       0
   891       0    8191
   892    8191       0
   893       0    8191
   894       0   -8191
   895    8191       0
   896   -8191       0
   897    8191       0
   898   -8191       0
   899   -8191       0
   900   -8191       0
   901   -8191       0
   902       0    8191
   903       0    8191
   904    8191       0
   905   -8191       0
   906   -8191       0
   907   -8191       0
   908    8191       0
   909    8191       0
   910       0    8191
   911       0    8191
   912   -8191       0
   913    8191       0
   914   -8191       0
   915   -8191       0
   916   -8191       0
   917   -8191       0
   918       0    8191
   919       0    8191
   920    8191       0
   921   -8191       0
   922   -8191       0
   923   -8191       0
   924    8191       0
   925    8191       0
   926       0    8191
   927       0    8191
   928    8191       0
   929       0    8191
   930   -8191       0
   931       0    8191
   932    8191       0
   933       0   -8191
   934       0    8191
   935    8191       0
   936   -8191       0
   937       0   -8191
   938   -8191       0
   939       0    8191
   940   -8191       0
   941       0    8191
   942       0    8191
   943    8191       0
   944    8191       0
   945       0    8191
   946   -8191       0
   947       0    8191
   948    8191       0
   949       0   -8191
   950       0    8191
   951    8191       0
   952   -8191       0
   953       0   -8191
   954   -8191       0
   955       0    8191
   956   -8191       0
   957       0    8191
   958       0    8191
   959    8191       0
   960   -8191       0
   961   -8191       0
   962   -8191       0
   963    8191       0
   964   -8191       0
   965    8191       0
   966       0    8191
   967       0   -8191
   968    8191       0
   969    8191       0
   970   -8191       0
   971    8191       0
   972    8191       0
   973   -8191       0
   974       0    8191
   975       0   -8191
   976   -8191       0
   977   -8191       0
   978   -8191       0
   979    8191       0
   980   -8191       0
   981    8191       0
   982       0    8191
   983       0   -8191
   984    8191       0
   985    8191       0
   986   -8191       0
   987    8191       0
   988    8191       0
   989   -8191       0
   990       0    8191
   991       0   -8191
   992       0   -8191
   993   -8191       0
   994       0    8191
   995   -8191       0
   996       0   -8191
   997    8191       0
   998    8191       0
   999       0    8191
  1000       0    8191
  1001    8191       0
  1002       0    8191
  1003   -8191       0
  1004       0    8191
  1005   -8191       0
  1006    8191       0
  1007       0    8191
  1008       0   -8191
  1009   -8191       0
  1010       0    8191
  1011   -8191       0
  1012       0   -8191
  1013    8191       0
  1014    8191       0
  1015       0    8191
  1016       0    8191
  1017    8191       0
  1018       0    8191
  1019   -8191       0
  1020       0    8191
  1021   -8191       0
  1022    8191       0
  1023       0    8191
